efficiencySum	efficiencyAvg	efficiencyMax	effectiveSizeSum	effectiveSizeAvg	effectiveSizeMax	constraintSum	constraintAvg	constraintMax	hierarchySum	hierarchyAvg	hierarchyMax	class
1,390317195	0,695158598	0,752394454	30,45584995	15,22792497	24,07662254	1,065697298	0,532848649	0,687807205	1,24723878	0,62361939	0,775513652	strong
2,76496002	0,691240005	0,862442189	114,441148	28,61028701	52,60897351	1,704892134	0,426223034	0,600973876	1,671628104	0,417907026	0,669259145	strong
1,862442189	0,931221094	1	53,60897351	26,80448676	52,60897351	1,363524691	0,681762345	1	1,669259145	0,834629572	1	strong
1,390317195	0,695158598	0,752394454	30,45584995	15,22792497	24,07662254	1,065697298	0,532848649	0,687807205	1,24723878	0,62361939	0,775513652	strong
1,390317195	0,695158598	0,752394454	30,45584995	15,22792497	24,07662254	1,065697298	0,532848649	0,687807205	1,24723878	0,62361939	0,775513652	strong
4,181534059	0,696922343	0,862442189	124,3937006	20,73228343	52,60897351	3,075794587	0,512632431	0,700618246	2,817763882	0,469627314	0,775513652	strong
3,434775785	0,572462631	0,816790044	86,07243344	14,34540557	36,75555198	2,833344397	0,472224066	0,588662036	1,987433591	0,331238932	0,529863911	strong
1,523946244	0,761973122	0,816790044	51,60583218	25,80291609	36,75555198	0,630724378	0,315362189	0,362503473	0,992907186	0,496453593	0,529863911	strong
3,402736171	0,567122695	0,862442189	109,8579776	18,30966293	52,60897351	2,428013507	0,404668918	0,450118738	1,627936506	0,271322751	0,669259145	strong
5,618404065	0,624267118	0,862442189	146,0631819	16,22924243	52,60897351	4,348359631	0,48315107	0,822528879	4,0835139	0,453723767	0,745678316	strong
3,434775785	0,572462631	0,816790044	86,07243344	14,34540557	36,75555198	2,833344397	0,472224066	0,588662036	1,987433591	0,331238932	0,529863911	strong
3,402736171	0,567122695	0,862442189	109,8579776	18,30966293	52,60897351	2,428013507	0,404668918	0,450118738	1,627936506	0,271322751	0,669259145	strong
1,390317195	0,695158598	0,752394454	30,45584995	15,22792497	24,07662254	1,065697298	0,532848649	0,687807205	1,24723878	0,62361939	0,775513652	strong
1,74138505	0,870692525	0,949656224	19,63320141	9,816600707	15,83457652	0,88599963	0,442999815	0,534370503	1,011283073	0,505641536	0,626167963	strong
3,402736171	0,567122695	0,862442189	109,8579776	18,30966293	52,60897351	2,428013507	0,404668918	0,450118738	1,627936506	0,271322751	0,669259145	strong
3,402736171	0,567122695	0,862442189	109,8579776	18,30966293	52,60897351	2,428013507	0,404668918	0,450118738	1,627936506	0,271322751	0,669259145	strong
6,699464451	0,837433056	1	118,8044252	14,85055315	52,60897351	4,859646565	0,607455821	1	5,404781553	0,675597694	1	strong
1,390317195	0,695158598	0,752394454	30,45584995	15,22792497	24,07662254	1,065697298	0,532848649	0,687807205	1,24723878	0,62361939	0,775513652	strong
2,872059144	0,574411829	0,862442189	93,89550925	18,77910185	52,60897351	2,719080979	0,543816196	0,822528879	2,600744618	0,520148924	0,745678316	strong
1,390317195	0,695158598	0,752394454	30,45584995	15,22792497	24,07662254	1,065697298	0,532848649	0,687807205	1,24723878	0,62361939	0,775513652	strong
1,390317195	0,695158598	0,752394454	30,45584995	15,22792497	24,07662254	1,065697298	0,532848649	0,687807205	1,24723878	0,62361939	0,775513652	strong
3,402736171	0,567122695	0,862442189	109,8579776	18,30966293	52,60897351	2,428013507	0,404668918	0,450118738	1,627936506	0,271322751	0,669259145	strong
3,402736171	0,567122695	0,862442189	109,8579776	18,30966293	52,60897351	2,428013507	0,404668918	0,450118738	1,627936506	0,271322751	0,669259145	strong
6,490951197	0,8113689	1	125,3977648	15,6747206	52,60897351	4,190001974	0,523750247	1	4,218590895	0,527323862	1	strong
6,524364677	0,652436468	0,862442189	131,4531819	13,14531819	52,60897351	5,466266596	0,54662666	0,743015381	3,377096463	0,337709646	0,775513652	strong
2,954142861	0,492357144	0,862442189	74,08135972	12,34689329	52,60897351	3,666857673	0,611142945	0,864647767	1,697062338	0,282843723	0,669259145	strong
3,402736171	0,567122695	0,862442189	109,8579776	18,30966293	52,60897351	2,428013507	0,404668918	0,450118738	1,627936506	0,271322751	0,669259145	strong
1,390317195	0,695158598	0,752394454	30,45584995	15,22792497	24,07662254	1,065697298	0,532848649	0,687807205	1,24723878	0,62361939	0,775513652	strong
1,390317195	0,695158598	0,752394454	30,45584995	15,22792497	24,07662254	1,065697298	0,532848649	0,687807205	1,24723878	0,62361939	0,775513652	strong
2,573822968	0,857940989	1	57,87725819	19,2924194	52,60897351	1,712008568	0,570669523	1	2,021297731	0,67376591	1	strong
1,390317195	0,695158598	0,752394454	30,45584995	15,22792497	24,07662254	1,065697298	0,532848649	0,687807205	1,24723878	0,62361939	0,775513652	strong
3,434775785	0,572462631	0,816790044	86,07243344	14,34540557	36,75555198	2,833344397	0,472224066	0,588662036	1,987433591	0,331238932	0,529863911	strong
3,402736171	0,567122695	0,862442189	109,8579776	18,30966293	52,60897351	2,428013507	0,404668918	0,450118738	1,627936506	0,271322751	0,669259145	strong
1,390317195	0,695158598	0,752394454	30,45584995	15,22792497	24,07662254	1,065697298	0,532848649	0,687807205	1,24723878	0,62361939	0,775513652	strong
3,402736171	0,567122695	0,862442189	109,8579776	18,30966293	52,60897351	2,428013507	0,404668918	0,450118738	1,627936506	0,271322751	0,669259145	strong
3,402736171	0,567122695	0,862442189	109,8579776	18,30966293	52,60897351	2,428013507	0,404668918	0,450118738	1,627936506	0,271322751	0,669259145	strong
7,684030698	0,698548245	0,949656224	156,7097802	14,24634365	52,60897351	4,936561776	0,448778343	0,687807205	4,194132448	0,381284768	0,775513652	strong
4,138979628	0,827795926	0,87473262	116,8558539	23,37117078	52,60897351	2,687510254	0,537502051	0,889054433	1,728093818	0,345618764	0,669259145	strong
1,390317195	0,695158598	0,752394454	30,45584995	15,22792497	24,07662254	1,065697298	0,532848649	0,687807205	1,24723878	0,62361939	0,775513652	strong
1,390317195	0,695158598	0,752394454	30,45584995	15,22792497	24,07662254	1,065697298	0,532848649	0,687807205	1,24723878	0,62361939	0,775513652	strong
1,74138505	0,870692525	0,949656224	19,63320141	9,816600707	15,83457652	0,88599963	0,442999815	0,534370503	1,011283073	0,505641536	0,626167963	strong
2,76496002	0,691240005	0,862442189	114,441148	28,61028701	52,60897351	1,704892134	0,426223034	0,600973876	1,671628104	0,417907026	0,669259145	strong
1,390317195	0,695158598	0,752394454	30,45584995	15,22792497	24,07662254	1,065697298	0,532848649	0,687807205	1,24723878	0,62361939	0,775513652	strong
5,581599109	0,797371301	1	138,0955937	19,72794195	52,60897351	3,697575373	0,528225053	1	3,834088433	0,547726919	1	strong
3,434775785	0,572462631	0,816790044	86,07243344	14,34540557	36,75555198	2,833344397	0,472224066	0,588662036	1,987433591	0,331238932	0,529863911	strong
1,390317195	0,695158598	0,752394454	30,45584995	15,22792497	24,07662254	1,065697298	0,532848649	0,687807205	1,24723878	0,62361939	0,775513652	strong
3,434775785	0,572462631	0,816790044	86,07243344	14,34540557	36,75555198	2,833344397	0,472224066	0,588662036	1,987433591	0,331238932	0,529863911	strong
3,402736171	0,567122695	0,862442189	109,8579776	18,30966293	52,60897351	2,428013507	0,404668918	0,450118738	1,627936506	0,271322751	0,669259145	strong
1,390317195	0,695158598	0,752394454	30,45584995	15,22792497	24,07662254	1,065697298	0,532848649	0,687807205	1,24723878	0,62361939	0,775513652	strong
2,76496002	0,691240005	0,862442189	114,441148	28,61028701	52,60897351	1,704892134	0,426223034	0,600973876	1,671628104	0,417907026	0,669259145	strong
3,252759384	0,813189846	1	84,06482346	21,01620587	52,60897351	2,429221989	0,607305497	1	2,916497925	0,729124481	1	strong
1,862442189	0,931221094	1	53,60897351	26,80448676	52,60897351	1,363524691	0,681762345	1	1,669259145	0,834629572	1	strong
1,390317195	0,695158598	0,752394454	30,45584995	15,22792497	24,07662254	1,065697298	0,532848649	0,687807205	1,24723878	0,62361939	0,775513652	strong
3,402736171	0,567122695	0,862442189	109,8579776	18,30966293	52,60897351	2,428013507	0,404668918	0,450118738	1,627936506	0,271322751	0,669259145	strong
4,453958443	0,636279778	0,862442189	123,4823745	17,64033921	52,60897351	2,830216847	0,404316692	0,742193423	2,802940536	0,400420077	0,745678316	strong
1,390317195	0,695158598	0,752394454	30,45584995	15,22792497	24,07662254	1,065697298	0,532848649	0,687807205	1,24723878	0,62361939	0,775513652	strong
1,390317195	0,695158598	0,752394454	30,45584995	15,22792497	24,07662254	1,065697298	0,532848649	0,687807205	1,24723878	0,62361939	0,775513652	strong
2,76496002	0,691240005	0,862442189	114,441148	28,61028701	52,60897351	1,704892134	0,426223034	0,600973876	1,671628104	0,417907026	0,669259145	strong
3,252759384	0,813189846	1	84,06482346	21,01620587	52,60897351	2,429221989	0,607305497	1	2,916497925	0,729124481	1	strong
3,402736171	0,567122695	0,862442189	109,8579776	18,30966293	52,60897351	2,428013507	0,404668918	0,450118738	1,627936506	0,271322751	0,669259145	strong
1,390317195	0,695158598	0,752394454	30,45584995	15,22792497	24,07662254	1,065697298	0,532848649	0,687807205	1,24723878	0,62361939	0,775513652	strong
1,74138505	0,870692525	0,949656224	19,63320141	9,816600707	15,83457652	0,88599963	0,442999815	0,534370503	1,011283073	0,505641536	0,626167963	strong
2,954142861	0,492357144	0,862442189	74,08135972	12,34689329	52,60897351	3,666857673	0,611142945	0,864647767	1,697062338	0,282843723	0,669259145	strong
1,500364929	0,750182465	0,862442189	58,98820092	29,49410046	52,60897351	1,051331895	0,525665948	0,687807205	1,444772796	0,722386398	0,775513652	strong
2,76496002	0,691240005	0,862442189	114,441148	28,61028701	52,60897351	1,704892134	0,426223034	0,600973876	1,671628104	0,417907026	0,669259145	strong
1,390317195	0,695158598	0,752394454	30,45584995	15,22792497	24,07662254	1,065697298	0,532848649	0,687807205	1,24723878	0,62361939	0,775513652	strong
1,390317195	0,695158598	0,752394454	30,45584995	15,22792497	24,07662254	1,065697298	0,532848649	0,687807205	1,24723878	0,62361939	0,775513652	strong
2,76496002	0,691240005	0,862442189	114,441148	28,61028701	52,60897351	1,704892134	0,426223034	0,600973876	1,671628104	0,417907026	0,669259145	strong
2,954142861	0,492357144	0,862442189	74,08135972	12,34689329	52,60897351	3,666857673	0,611142945	0,864647767	1,697062338	0,282843723	0,669259145	strong
4,69778342	0,469778342	0,862442189	132,1184136	13,21184136	52,60897351	4,265957758	0,426595776	0,600973876	2,985717756	0,298571776	0,669259145	strong
1,573822968	0,786911484	0,862442189	56,87725819	28,43862909	52,60897351	0,712008568	0,356004284	0,363524691	1,021297731	0,510648865	0,669259145	strong
3,434775785	0,572462631	0,816790044	86,07243344	14,34540557	36,75555198	2,833344397	0,472224066	0,588662036	1,987433591	0,331238932	0,529863911	strong
1,390317195	0,695158598	0,752394454	30,45584995	15,22792497	24,07662254	1,065697298	0,532848649	0,687807205	1,24723878	0,62361939	0,775513652	strong
3,434775785	0,572462631	0,816790044	86,07243344	14,34540557	36,75555198	2,833344397	0,472224066	0,588662036	1,987433591	0,331238932	0,529863911	strong
2,962476318	0,592495264	0,862442189	73,03365853	14,60673171	52,60897351	2,330545293	0,466109059	0,615096926	1,558498829	0,311699766	0,669259145	strong
1,862442189	0,931221094	1	53,60897351	26,80448676	52,60897351	1,363524691	0,681762345	1	1,669259145	0,834629572	1	strong
3,434775785	0,572462631	0,816790044	86,07243344	14,34540557	36,75555198	2,833344397	0,472224066	0,588662036	1,987433591	0,331238932	0,529863911	strong
4,072698525	0,581814075	0,816790044	92,45166084	13,20738012	36,75555198	3,521151602	0,503021657	0,687807205	2,762947243	0,394706749	0,775513652	strong
2,954142861	0,492357144	0,862442189	74,08135972	12,34689329	52,60897351	3,666857673	0,611142945	0,864647767	1,697062338	0,282843723	0,669259145	strong
1,390317195	0,695158598	0,752394454	30,45584995	15,22792497	24,07662254	1,065697298	0,532848649	0,687807205	1,24723878	0,62361939	0,775513652	strong
1,500364929	0,750182465	0,862442189	58,98820092	29,49410046	52,60897351	1,051331895	0,525665948	0,687807205	1,444772796	0,722386398	0,775513652	strong
3,402736171	0,567122695	0,862442189	109,8579776	18,30966293	52,60897351	2,428013507	0,404668918	0,450118738	1,627936506	0,271322751	0,669259145	strong
1,862442189	0,931221094	1	53,60897351	26,80448676	52,60897351	1,363524691	0,681762345	1	1,669259145	0,834629572	1	strong
1,390317195	0,695158598	0,752394454	30,45584995	15,22792497	24,07662254	1,065697298	0,532848649	0,687807205	1,24723878	0,62361939	0,775513652	strong
2,624126266	0,656031567	0,862442189	84,17892411	21,04473103	52,60897351	2,080920301	0,520230075	0,687807205	2,131659883	0,532914971	0,775513652	strong
3,402736171	0,567122695	0,862442189	109,8579776	18,30966293	52,60897351	2,428013507	0,404668918	0,450118738	1,627936506	0,271322751	0,669259145	strong
2,179232233	0,726410744	0,862442189	90,36452549	30,1215085	52,60897351	1,580259656	0,526753219	0,854231492	1,687904052	0,562634684	0,669259145	strong
2,954142861	0,492357144	0,862442189	74,08135972	12,34689329	52,60897351	3,666857673	0,611142945	0,864647767	1,697062338	0,282843723	0,669259145	strong
1,129778899	0,564889449	0,816790044	38,0075074	19,0037537	36,75555198	1,104696897	0,552348448	0,742193423	1,275542227	0,637771113	0,745678316	strong
1,390317195	0,695158598	0,752394454	30,45584995	15,22792497	24,07662254	1,065697298	0,532848649	0,687807205	1,24723878	0,62361939	0,775513652	strong
2,954142861	0,492357144	0,862442189	74,08135972	12,34689329	52,60897351	3,666857673	0,611142945	0,864647767	1,697062338	0,282843723	0,669259145	strong
2,872059144	0,574411829	0,862442189	93,89550925	18,77910185	52,60897351	2,719080979	0,543816196	0,822528879	2,600744618	0,520148924	0,745678316	strong
3,252759384	0,813189846	1	84,06482346	21,01620587	52,60897351	2,429221989	0,607305497	1	2,916497925	0,729124481	1	strong
1,390317195	0,695158598	0,752394454	30,45584995	15,22792497	24,07662254	1,065697298	0,532848649	0,687807205	1,24723878	0,62361939	0,775513652	strong
1,523946244	0,761973122	0,816790044	51,60583218	25,80291609	36,75555198	0,630724378	0,315362189	0,362503473	0,992907186	0,496453593	0,529863911	strong
2,954142861	0,492357144	0,862442189	74,08135972	12,34689329	52,60897351	3,666857673	0,611142945	0,864647767	1,697062338	0,282843723	0,669259145	strong
1,390317195	0,695158598	0,752394454	30,45584995	15,22792497	24,07662254	1,065697298	0,532848649	0,687807205	1,24723878	0,62361939	0,775513652	strong
2,76496002	0,691240005	0,862442189	114,441148	28,61028701	52,60897351	1,704892134	0,426223034	0,600973876	1,671628104	0,417907026	0,669259145	strong
1,862442189	0,931221094	1	53,60897351	26,80448676	52,60897351	1,363524691	0,681762345	1	1,669259145	0,834629572	1	strong
1,390317195	0,695158598	0,752394454	30,45584995	15,22792497	24,07662254	1,065697298	0,532848649	0,687807205	1,24723878	0,62361939	0,775513652	strong
2,954142861	0,492357144	0,862442189	74,08135972	12,34689329	52,60897351	3,666857673	0,611142945	0,864647767	1,697062338	0,282843723	0,669259145	strong
2,954142861	0,492357144	0,862442189	74,08135972	12,34689329	52,60897351	3,666857673	0,611142945	0,864647767	1,697062338	0,282843723	0,669259145	strong
2,954142861	0,492357144	0,862442189	74,08135972	12,34689329	52,60897351	3,666857673	0,611142945	0,864647767	1,697062338	0,282843723	0,669259145	strong
2,954142861	0,492357144	0,862442189	74,08135972	12,34689329	52,60897351	3,666857673	0,611142945	0,864647767	1,697062338	0,282843723	0,669259145	strong
2,954142861	0,492357144	0,862442189	74,08135972	12,34689329	52,60897351	3,666857673	0,611142945	0,864647767	1,697062338	0,282843723	0,669259145	strong
2,954142861	0,492357144	0,862442189	74,08135972	12,34689329	52,60897351	3,666857673	0,611142945	0,864647767	1,697062338	0,282843723	0,669259145	strong
1,390317195	0,695158598	0,752394454	30,45584995	15,22792497	24,07662254	1,065697298	0,532848649	0,687807205	1,24723878	0,62361939	0,775513652	strong
4,079215344	0,679869224	1	108,7457894	18,12429824	52,60897351	3,164773005	0,527462167	1	3,954769486	0,659128248	1	strong
2,954142861	0,492357144	0,862442189	74,08135972	12,34689329	52,60897351	3,666857673	0,611142945	0,864647767	1,697062338	0,282843723	0,669259145	strong
1,390317195	0,695158598	0,752394454	30,45584995	15,22792497	24,07662254	1,065697298	0,532848649	0,687807205	1,24723878	0,62361939	0,775513652	strong
1,390317195	0,695158598	0,752394454	30,45584995	15,22792497	24,07662254	1,065697298	0,532848649	0,687807205	1,24723878	0,62361939	0,775513652	strong
1,862442189	0,931221094	1	53,60897351	26,80448676	52,60897351	1,363524691	0,681762345	1	1,669259145	0,834629572	1	strong
2,954142861	0,492357144	0,862442189	74,08135972	12,34689329	52,60897351	3,666857673	0,611142945	0,864647767	1,697062338	0,282843723	0,669259145	strong
2,954142861	0,492357144	0,862442189	74,08135972	12,34689329	52,60897351	3,666857673	0,611142945	0,864647767	1,697062338	0,282843723	0,669259145	strong
2,954142861	0,492357144	0,862442189	74,08135972	12,34689329	52,60897351	3,666857673	0,611142945	0,864647767	1,697062338	0,282843723	0,669259145	strong
1,390317195	0,695158598	0,752394454	30,45584995	15,22792497	24,07662254	1,065697298	0,532848649	0,687807205	1,24723878	0,62361939	0,775513652	strong
4,344460057	0,543057507	0,862442189	104,5372097	13,06715121	52,60897351	4,732554971	0,591569371	0,864647767	2,944301118	0,36803764	0,775513652	strong
1,390317195	0,695158598	0,752394454	30,45584995	15,22792497	24,07662254	1,065697298	0,532848649	0,687807205	1,24723878	0,62361939	0,775513652	strong
2,252759384	0,750919795	0,862442189	83,06482346	27,68827449	52,60897351	1,429221989	0,47640733	0,687807205	1,916497925	0,638832642	0,775513652	strong
2,76496002	0,691240005	0,862442189	114,441148	28,61028701	52,60897351	1,704892134	0,426223034	0,600973876	1,671628104	0,417907026	0,669259145	strong
3,434775785	0,572462631	0,816790044	86,07243344	14,34540557	36,75555198	2,833344397	0,472224066	0,588662036	1,987433591	0,331238932	0,529863911	strong
1,390317195	0,695158598	0,752394454	30,45584995	15,22792497	24,07662254	1,065697298	0,532848649	0,687807205	1,24723878	0,62361939	0,775513652	strong
3,434775785	0,572462631	0,816790044	86,07243344	14,34540557	36,75555198	2,833344397	0,472224066	0,588662036	1,987433591	0,331238932	0,529863911	strong
1,390317195	0,695158598	0,752394454	30,45584995	15,22792497	24,07662254	1,065697298	0,532848649	0,687807205	1,24723878	0,62361939	0,775513652	strong
3,434775785	0,572462631	0,816790044	86,07243344	14,34540557	36,75555198	2,833344397	0,472224066	0,588662036	1,987433591	0,331238932	0,529863911	strong
2,954142861	0,492357144	0,862442189	74,08135972	12,34689329	52,60897351	3,666857673	0,611142945	0,864647767	1,697062338	0,282843723	0,669259145	strong
1,390317195	0,695158598	0,752394454	30,45584995	15,22792497	24,07662254	1,065697298	0,532848649	0,687807205	1,24723878	0,62361939	0,775513652	strong
3,252759384	0,813189846	1	84,06482346	21,01620587	52,60897351	2,429221989	0,607305497	1	2,916497925	0,729124481	1	strong
1,390317195	0,695158598	0,752394454	30,45584995	15,22792497	24,07662254	1,065697298	0,532848649	0,687807205	1,24723878	0,62361939	0,775513652	strong
2,76496002	0,691240005	0,862442189	114,441148	28,61028701	52,60897351	1,704892134	0,426223034	0,600973876	1,671628104	0,417907026	0,669259145	strong
1,390317195	0,695158598	0,752394454	30,45584995	15,22792497	24,07662254	1,065697298	0,532848649	0,687807205	1,24723878	0,62361939	0,775513652	strong
1,390317195	0,695158598	0,752394454	30,45584995	15,22792497	24,07662254	1,065697298	0,532848649	0,687807205	1,24723878	0,62361939	0,775513652	strong
1,390317195	0,695158598	0,752394454	30,45584995	15,22792497	24,07662254	1,065697298	0,532848649	0,687807205	1,24723878	0,62361939	0,775513652	strong
3,434775785	0,572462631	0,816790044	86,07243344	14,34540557	36,75555198	2,833344397	0,472224066	0,588662036	1,987433591	0,331238932	0,529863911	strong
1,390317195	0,695158598	0,752394454	30,45584995	15,22792497	24,07662254	1,065697298	0,532848649	0,687807205	1,24723878	0,62361939	0,775513652	strong
6,228832481	0,77860406	1	113,6248176	14,2031022	52,60897351	4,766497262	0,595812158	1	4,035753474	0,504469184	1	strong
3,328329833	0,665665967	0,816790044	66,38647604	13,27729521	36,75555198	1,859384086	0,371876817	0,479715497	1,337850111	0,267570022	0,529863911	strong
2,76496002	0,691240005	0,862442189	114,441148	28,61028701	52,60897351	1,704892134	0,426223034	0,600973876	1,671628104	0,417907026	0,669259145	strong
2,954142861	0,492357144	0,862442189	74,08135972	12,34689329	52,60897351	3,666857673	0,611142945	0,864647767	1,697062338	0,282843723	0,669259145	strong
2,954142861	0,492357144	0,862442189	74,08135972	12,34689329	52,60897351	3,666857673	0,611142945	0,864647767	1,697062338	0,282843723	0,669259145	strong
2,954142861	0,492357144	0,862442189	74,08135972	12,34689329	52,60897351	3,666857673	0,611142945	0,864647767	1,697062338	0,282843723	0,669259145	strong
1,390317195	0,695158598	0,752394454	30,45584995	15,22792497	24,07662254	1,065697298	0,532848649	0,687807205	1,24723878	0,62361939	0,775513652	strong
1,390317195	0,695158598	0,752394454	30,45584995	15,22792497	24,07662254	1,065697298	0,532848649	0,687807205	1,24723878	0,62361939	0,775513652	strong
3,434775785	0,572462631	0,816790044	86,07243344	14,34540557	36,75555198	2,833344397	0,472224066	0,588662036	1,987433591	0,331238932	0,529863911	strong
3,434775785	0,572462631	0,816790044	86,07243344	14,34540557	36,75555198	2,833344397	0,472224066	0,588662036	1,987433591	0,331238932	0,529863911	strong
1,390317195	0,695158598	0,752394454	30,45584995	15,22792497	24,07662254	1,065697298	0,532848649	0,687807205	1,24723878	0,62361939	0,775513652	strong
2,791216864	0,697804216	0,862442189	93,93785064	23,48446266	52,60897351	2,010097288	0,502524322	0,700618246	1,570525102	0,392631275	0,669259145	strong
1,390317195	0,695158598	0,752394454	30,45584995	15,22792497	24,07662254	1,065697298	0,532848649	0,687807205	1,24723878	0,62361939	0,775513652	strong
1,390317195	0,695158598	0,752394454	30,45584995	15,22792497	24,07662254	1,065697298	0,532848649	0,687807205	1,24723878	0,62361939	0,775513652	strong
2,76496002	0,691240005	0,862442189	114,441148	28,61028701	52,60897351	1,704892134	0,426223034	0,600973876	1,671628104	0,417907026	0,669259145	strong
2,326962309	0,581740577	0,862442189	62,59090242	15,64772561	52,60897351	2,036601989	0,509150497	0,800945344	1,123234272	0,280808568	0,669259145	strong
1,390317195	0,695158598	0,752394454	30,45584995	15,22792497	24,07662254	1,065697298	0,532848649	0,687807205	1,24723878	0,62361939	0,775513652	strong
3,434775785	0,572462631	0,816790044	86,07243344	14,34540557	36,75555198	2,833344397	0,472224066	0,588662036	1,987433591	0,331238932	0,529863911	strong
4,072698525	0,581814075	0,816790044	92,45166084	13,20738012	36,75555198	3,521151602	0,503021657	0,687807205	2,762947243	0,394706749	0,775513652	strong
1,390317195	0,695158598	0,752394454	30,45584995	15,22792497	24,07662254	1,065697298	0,532848649	0,687807205	1,24723878	0,62361939	0,775513652	strong
2,791216864	0,697804216	0,862442189	93,93785064	23,48446266	52,60897351	2,010097288	0,502524322	0,700618246	1,570525102	0,392631275	0,669259145	strong
1,390317195	0,695158598	0,752394454	30,45584995	15,22792497	24,07662254	1,065697298	0,532848649	0,687807205	1,24723878	0,62361939	0,775513652	strong
1,390317195	0,695158598	0,752394454	30,45584995	15,22792497	24,07662254	1,065697298	0,532848649	0,687807205	1,24723878	0,62361939	0,775513652	strong
2,954142861	0,492357144	0,862442189	74,08135972	12,34689329	52,60897351	3,666857673	0,611142945	0,864647767	1,697062338	0,282843723	0,669259145	strong
1,390317195	0,695158598	0,752394454	30,45584995	15,22792497	24,07662254	1,065697298	0,532848649	0,687807205	1,24723878	0,62361939	0,775513652	strong
2,954142861	0,492357144	0,862442189	74,08135972	12,34689329	52,60897351	3,666857673	0,611142945	0,864647767	1,697062338	0,282843723	0,669259145	strong
1,390317195	0,695158598	0,752394454	30,45584995	15,22792497	24,07662254	1,065697298	0,532848649	0,687807205	1,24723878	0,62361939	0,775513652	strong
4,072698525	0,581814075	0,816790044	92,45166084	13,20738012	36,75555198	3,521151602	0,503021657	0,687807205	2,762947243	0,394706749	0,775513652	strong
1,390317195	0,695158598	0,752394454	30,45584995	15,22792497	24,07662254	1,065697298	0,532848649	0,687807205	1,24723878	0,62361939	0,775513652	strong
4,344460057	0,543057507	0,862442189	104,5372097	13,06715121	52,60897351	4,732554971	0,591569371	0,864647767	2,944301118	0,36803764	0,775513652	strong
3,252759384	0,813189846	1	84,06482346	21,01620587	52,60897351	2,429221989	0,607305497	1	2,916497925	0,729124481	1	strong
1,862442189	0,931221094	1	53,60897351	26,80448676	52,60897351	1,363524691	0,681762345	1	1,669259145	0,834629572	1	strong
4,072698525	0,581814075	0,816790044	92,45166084	13,20738012	36,75555198	3,521151602	0,503021657	0,687807205	2,762947243	0,394706749	0,775513652	strong
2,76496002	0,691240005	0,862442189	114,441148	28,61028701	52,60897351	1,704892134	0,426223034	0,600973876	1,671628104	0,417907026	0,669259145	strong
3,434775785	0,572462631	0,816790044	86,07243344	14,34540557	36,75555198	2,833344397	0,472224066	0,588662036	1,987433591	0,331238932	0,529863911	strong
1,390317195	0,695158598	0,752394454	30,45584995	15,22792497	24,07662254	1,065697298	0,532848649	0,687807205	1,24723878	0,62361939	0,775513652	strong
3,402736171	0,567122695	0,862442189	109,8579776	18,30966293	52,60897351	2,428013507	0,404668918	0,450118738	1,627936506	0,271322751	0,669259145	strong
1,390317195	0,695158598	0,752394454	30,45584995	15,22792497	24,07662254	1,065697298	0,532848649	0,687807205	1,24723878	0,62361939	0,775513652	strong
2,954142861	0,492357144	0,862442189	74,08135972	12,34689329	52,60897351	3,666857673	0,611142945	0,864647767	1,697062338	0,282843723	0,669259145	strong
1,862442189	0,931221094	1	53,60897351	26,80448676	52,60897351	1,363524691	0,681762345	1	1,669259145	0,834629572	1	strong
2,569598389	0,856532796	1	68,45925371	22,81975124	52,60897351	1,631745596	0,543915199	1	2,13230242	0,710767473	1	strong
4,344460057	0,543057507	0,862442189	104,5372097	13,06715121	52,60897351	4,732554971	0,591569371	0,864647767	2,944301118	0,36803764	0,775513652	strong
3,434775785	0,572462631	0,816790044	86,07243344	14,34540557	36,75555198	2,833344397	0,472224066	0,588662036	1,987433591	0,331238932	0,529863911	strong
2,954142861	0,492357144	0,862442189	74,08135972	12,34689329	52,60897351	3,666857673	0,611142945	0,864647767	1,697062338	0,282843723	0,669259145	strong
2,954142861	0,492357144	0,862442189	74,08135972	12,34689329	52,60897351	3,666857673	0,611142945	0,864647767	1,697062338	0,282843723	0,669259145	strong
2,954142861	0,492357144	0,862442189	74,08135972	12,34689329	52,60897351	3,666857673	0,611142945	0,864647767	1,697062338	0,282843723	0,669259145	strong
1,390317195	0,695158598	0,752394454	30,45584995	15,22792497	24,07662254	1,065697298	0,532848649	0,687807205	1,24723878	0,62361939	0,775513652	strong
2,76496002	0,691240005	0,862442189	114,441148	28,61028701	52,60897351	1,704892134	0,426223034	0,600973876	1,671628104	0,417907026	0,669259145	strong
3,434775785	0,572462631	0,816790044	86,07243344	14,34540557	36,75555198	2,833344397	0,472224066	0,588662036	1,987433591	0,331238932	0,529863911	strong
2,954142861	0,492357144	0,862442189	74,08135972	12,34689329	52,60897351	3,666857673	0,611142945	0,864647767	1,697062338	0,282843723	0,669259145	strong
2,954142861	0,492357144	0,862442189	74,08135972	12,34689329	52,60897351	3,666857673	0,611142945	0,864647767	1,697062338	0,282843723	0,669259145	strong
2,954142861	0,492357144	0,862442189	74,08135972	12,34689329	52,60897351	3,666857673	0,611142945	0,864647767	1,697062338	0,282843723	0,669259145	strong
1,390317195	0,695158598	0,752394454	30,45584995	15,22792497	24,07662254	1,065697298	0,532848649	0,687807205	1,24723878	0,62361939	0,775513652	strong
2,954142861	0,492357144	0,862442189	74,08135972	12,34689329	52,60897351	3,666857673	0,611142945	0,864647767	1,697062338	0,282843723	0,669259145	strong
1,500364929	0,750182465	0,862442189	58,98820092	29,49410046	52,60897351	1,051331895	0,525665948	0,687807205	1,444772796	0,722386398	0,775513652	strong
1,390317195	0,695158598	0,752394454	30,45584995	15,22792497	24,07662254	1,065697298	0,532848649	0,687807205	1,24723878	0,62361939	0,775513652	strong
3,252759384	0,813189846	1	84,06482346	21,01620587	52,60897351	2,429221989	0,607305497	1	2,916497925	0,729124481	1	strong
1,390317195	0,695158598	0,752394454	30,45584995	15,22792497	24,07662254	1,065697298	0,532848649	0,687807205	1,24723878	0,62361939	0,775513652	strong
2,954142861	0,492357144	0,862442189	74,08135972	12,34689329	52,60897351	3,666857673	0,611142945	0,864647767	1,697062338	0,282843723	0,669259145	strong
2,954142861	0,492357144	0,862442189	74,08135972	12,34689329	52,60897351	3,666857673	0,611142945	0,864647767	1,697062338	0,282843723	0,669259145	strong
1,862442189	0,931221094	1	53,60897351	26,80448676	52,60897351	1,363524691	0,681762345	1	1,669259145	0,834629572	1	strong
3,402736171	0,567122695	0,862442189	109,8579776	18,30966293	52,60897351	2,428013507	0,404668918	0,450118738	1,627936506	0,271322751	0,669259145	strong
2,954142861	0,492357144	0,862442189	74,08135972	12,34689329	52,60897351	3,666857673	0,611142945	0,864647767	1,697062338	0,282843723	0,669259145	strong
4,072698525	0,581814075	0,816790044	92,45166084	13,20738012	36,75555198	3,521151602	0,503021657	0,687807205	2,762947243	0,394706749	0,775513652	strong
1,390317195	0,695158598	0,752394454	30,45584995	15,22792497	24,07662254	1,065697298	0,532848649	0,687807205	1,24723878	0,62361939	0,775513652	strong
4,062335698	0,580333671	0,816790044	89,83779291	12,83397042	36,75555198	3,211377177	0,458768168	0,588662036	2,168624637	0,30980352	0,529863911	strong
2,372059144	0,593014786	0,862442189	92,89550925	23,22387731	52,60897351	1,8965521	0,474138025	0,742193423	2,491726211	0,622931553	0,745678316	strong
1,390317195	0,695158598	0,752394454	30,45584995	15,22792497	24,07662254	1,065697298	0,532848649	0,687807205	1,24723878	0,62361939	0,775513652	strong
1,390317195	0,695158598	0,752394454	30,45584995	15,22792497	24,07662254	1,065697298	0,532848649	0,687807205	1,24723878	0,62361939	0,775513652	strong
1,390317195	0,695158598	0,752394454	30,45584995	15,22792497	24,07662254	1,065697298	0,532848649	0,687807205	1,24723878	0,62361939	0,775513652	strong
1,390317195	0,695158598	0,752394454	30,45584995	15,22792497	24,07662254	1,065697298	0,532848649	0,687807205	1,24723878	0,62361939	0,775513652	strong
1,390317195	0,695158598	0,752394454	30,45584995	15,22792497	24,07662254	1,065697298	0,532848649	0,687807205	1,24723878	0,62361939	0,775513652	strong
3,434775785	0,572462631	0,816790044	86,07243344	14,34540557	36,75555198	2,833344397	0,472224066	0,588662036	1,987433591	0,331238932	0,529863911	strong
3,434775785	0,572462631	0,816790044	86,07243344	14,34540557	36,75555198	2,833344397	0,472224066	0,588662036	1,987433591	0,331238932	0,529863911	strong
1,390317195	0,695158598	0,752394454	30,45584995	15,22792497	24,07662254	1,065697298	0,532848649	0,687807205	1,24723878	0,62361939	0,775513652	strong
1,390317195	0,695158598	0,752394454	30,45584995	15,22792497	24,07662254	1,065697298	0,532848649	0,687807205	1,24723878	0,62361939	0,775513652	strong
4,072698525	0,581814075	0,816790044	92,45166084	13,20738012	36,75555198	3,521151602	0,503021657	0,687807205	2,762947243	0,394706749	0,775513652	strong
2,251095539	0,562773885	0,862442189	68,76537386	17,19134347	52,60897351	1,982061416	0,495515354	0,615096926	1,206460243	0,301615061	0,669259145	strong
2,76496002	0,691240005	0,862442189	114,441148	28,61028701	52,60897351	1,704892134	0,426223034	0,600973876	1,671628104	0,417907026	0,669259145	strong
3,236209175	0,647241835	0,862442189	117,4567309	23,49134617	52,60897351	2,074372258	0,414874452	0,523802957	1,970317919	0,394063584	0,669259145	strong
1,390317195	0,695158598	0,752394454	30,45584995	15,22792497	24,07662254	1,065697298	0,532848649	0,687807205	1,24723878	0,62361939	0,775513652	strong
3,434775785	0,572462631	0,816790044	86,07243344	14,34540557	36,75555198	2,833344397	0,472224066	0,588662036	1,987433591	0,331238932	0,529863911	strong
2,569598389	0,856532796	1	68,45925371	22,81975124	52,60897351	1,631745596	0,543915199	1	2,13230242	0,710767473	1	strong
3,434775785	0,572462631	0,816790044	86,07243344	14,34540557	36,75555198	2,833344397	0,472224066	0,588662036	1,987433591	0,331238932	0,529863911	strong
1,390317195	0,695158598	0,752394454	30,45584995	15,22792497	24,07662254	1,065697298	0,532848649	0,687807205	1,24723878	0,62361939	0,775513652	strong
1,390317195	0,695158598	0,752394454	30,45584995	15,22792497	24,07662254	1,065697298	0,532848649	0,687807205	1,24723878	0,62361939	0,775513652	strong
3,434775785	0,572462631	0,816790044	86,07243344	14,34540557	36,75555198	2,833344397	0,472224066	0,588662036	1,987433591	0,331238932	0,529863911	less
1,390317195	0,695158598	0,752394454	30,45584995	15,22792497	24,07662254	1,065697298	0,532848649	0,687807205	1,24723878	0,62361939	0,775513652	less
1,390317195	0,695158598	0,752394454	30,45584995	15,22792497	24,07662254	1,065697298	0,532848649	0,687807205	1,24723878	0,62361939	0,775513652	less
3,434775785	0,572462631	0,816790044	86,07243344	14,34540557	36,75555198	2,833344397	0,472224066	0,588662036	1,987433591	0,331238932	0,529863911	less
2,954142861	0,492357144	0,862442189	74,08135972	12,34689329	52,60897351	3,666857673	0,611142945	0,864647767	1,697062338	0,282843723	0,669259145	less
1,390317195	0,695158598	0,752394454	30,45584995	15,22792497	24,07662254	1,065697298	0,532848649	0,687807205	1,24723878	0,62361939	0,775513652	less
2,76496002	0,691240005	0,862442189	114,441148	28,61028701	52,60897351	1,704892134	0,426223034	0,600973876	1,671628104	0,417907026	0,669259145	less
2,954142861	0,492357144	0,862442189	74,08135972	12,34689329	52,60897351	3,666857673	0,611142945	0,864647767	1,697062338	0,282843723	0,669259145	less
1,862442189	0,931221094	1	53,60897351	26,80448676	52,60897351	1,363524691	0,681762345	1	1,669259145	0,834629572	1	less
2,76496002	0,691240005	0,862442189	114,441148	28,61028701	52,60897351	1,704892134	0,426223034	0,600973876	1,671628104	0,417907026	0,669259145	less
1,390317195	0,695158598	0,752394454	30,45584995	15,22792497	24,07662254	1,065697298	0,532848649	0,687807205	1,24723878	0,62361939	0,775513652	less
1,390317195	0,695158598	0,752394454	30,45584995	15,22792497	24,07662254	1,065697298	0,532848649	0,687807205	1,24723878	0,62361939	0,775513652	less
1,390317195	0,695158598	0,752394454	30,45584995	15,22792497	24,07662254	1,065697298	0,532848649	0,687807205	1,24723878	0,62361939	0,775513652	less
1,390317195	0,695158598	0,752394454	30,45584995	15,22792497	24,07662254	1,065697298	0,532848649	0,687807205	1,24723878	0,62361939	0,775513652	less
1,390317195	0,695158598	0,752394454	30,45584995	15,22792497	24,07662254	1,065697298	0,532848649	0,687807205	1,24723878	0,62361939	0,775513652	less
2,326962309	0,581740577	0,862442189	62,59090242	15,64772561	52,60897351	2,036601989	0,509150497	0,800945344	1,123234272	0,280808568	0,669259145	less
2,76496002	0,691240005	0,862442189	114,441148	28,61028701	52,60897351	1,704892134	0,426223034	0,600973876	1,671628104	0,417907026	0,669259145	less
4,630551307	0,578818913	0,862442189	139,6814069	17,46017587	52,60897351	3,797842964	0,474730371	0,600973876	2,657472655	0,332184082	0,669259145	less
1,242280245	0,621140122	0,862442189	54,88800185	27,44400092	52,60897351	0,791855203	0,395927602	0,428330513	1,216183985	0,608091992	0,669259145	less
1,242280245	0,621140122	0,862442189	54,88800185	27,44400092	52,60897351	0,791855203	0,395927602	0,428330513	1,216183985	0,608091992	0,669259145	less
1,390317195	0,695158598	0,752394454	30,45584995	15,22792497	24,07662254	1,065697298	0,532848649	0,687807205	1,24723878	0,62361939	0,775513652	less
3,434775785	0,572462631	0,816790044	86,07243344	14,34540557	36,75555198	2,833344397	0,472224066	0,588662036	1,987433591	0,331238932	0,529863911	less
1,74138505	0,870692525	0,949656224	19,63320141	9,816600707	15,83457652	0,88599963	0,442999815	0,534370503	1,011283073	0,505641536	0,626167963	less
3,434775785	0,572462631	0,816790044	86,07243344	14,34540557	36,75555198	2,833344397	0,472224066	0,588662036	1,987433591	0,331238932	0,529863911	less
1,390317195	0,695158598	0,752394454	30,45584995	15,22792497	24,07662254	1,065697298	0,532848649	0,687807205	1,24723878	0,62361939	0,775513652	less
3,543611318	0,708722264	0,862442189	118,0144732	23,60289464	52,60897351	2,387987382	0,477597476	0,700618246	2,04225023	0,408450046	0,669259145	less
3,434775785	0,572462631	0,816790044	86,07243344	14,34540557	36,75555198	2,833344397	0,472224066	0,588662036	1,987433591	0,331238932	0,529863911	less
2,76496002	0,691240005	0,862442189	114,441148	28,61028701	52,60897351	1,704892134	0,426223034	0,600973876	1,671628104	0,417907026	0,669259145	less
1,390317195	0,695158598	0,752394454	30,45584995	15,22792497	24,07662254	1,065697298	0,532848649	0,687807205	1,24723878	0,62361939	0,775513652	less
3,434775785	0,572462631	0,816790044	86,07243344	14,34540557	36,75555198	2,833344397	0,472224066	0,588662036	1,987433591	0,331238932	0,529863911	less
2,76496002	0,691240005	0,862442189	114,441148	28,61028701	52,60897351	1,704892134	0,426223034	0,600973876	1,671628104	0,417907026	0,669259145	less
2,76496002	0,691240005	0,862442189	114,441148	28,61028701	52,60897351	1,704892134	0,426223034	0,600973876	1,671628104	0,417907026	0,669259145	less
1,74138505	0,870692525	0,949656224	19,63320141	9,816600707	15,83457652	0,88599963	0,442999815	0,534370503	1,011283073	0,505641536	0,626167963	less
3,434775785	0,572462631	0,816790044	86,07243344	14,34540557	36,75555198	2,833344397	0,472224066	0,588662036	1,987433591	0,331238932	0,529863911	less
2,954142861	0,492357144	0,862442189	74,08135972	12,34689329	52,60897351	3,666857673	0,611142945	0,864647767	1,697062338	0,282843723	0,669259145	less
3,434775785	0,572462631	0,816790044	86,07243344	14,34540557	36,75555198	2,833344397	0,472224066	0,588662036	1,987433591	0,331238932	0,529863911	less
3,434775785	0,572462631	0,816790044	86,07243344	14,34540557	36,75555198	2,833344397	0,472224066	0,588662036	1,987433591	0,331238932	0,529863911	less
1,390317195	0,695158598	0,752394454	30,45584995	15,22792497	24,07662254	1,065697298	0,532848649	0,687807205	1,24723878	0,62361939	0,775513652	less
2,76496002	0,691240005	0,862442189	114,441148	28,61028701	52,60897351	1,704892134	0,426223034	0,600973876	1,671628104	0,417907026	0,669259145	less
1,390317195	0,695158598	0,752394454	30,45584995	15,22792497	24,07662254	1,065697298	0,532848649	0,687807205	1,24723878	0,62361939	0,775513652	less
1,390317195	0,695158598	0,752394454	30,45584995	15,22792497	24,07662254	1,065697298	0,532848649	0,687807205	1,24723878	0,62361939	0,775513652	less
3,569598389	0,892399597	1	69,45925371	17,36481343	52,60897351	2,631745596	0,657936399	1	3,13230242	0,783075605	1	less
2,954142861	0,492357144	0,862442189	74,08135972	12,34689329	52,60897351	3,666857673	0,611142945	0,864647767	1,697062338	0,282843723	0,669259145	less
1,242280245	0,621140122	0,862442189	54,88800185	27,44400092	52,60897351	0,791855203	0,395927602	0,428330513	1,216183985	0,608091992	0,669259145	less
1,390317195	0,695158598	0,752394454	30,45584995	15,22792497	24,07662254	1,065697298	0,532848649	0,687807205	1,24723878	0,62361939	0,775513652	less
1,862442189	0,931221094	1	53,60897351	26,80448676	52,60897351	1,363524691	0,681762345	1	1,669259145	0,834629572	1	less
1,390317195	0,695158598	0,752394454	30,45584995	15,22792497	24,07662254	1,065697298	0,532848649	0,687807205	1,24723878	0,62361939	0,775513652	less
1,390317195	0,695158598	0,752394454	30,45584995	15,22792497	24,07662254	1,065697298	0,532848649	0,687807205	1,24723878	0,62361939	0,775513652	less
1,390317195	0,695158598	0,752394454	30,45584995	15,22792497	24,07662254	1,065697298	0,532848649	0,687807205	1,24723878	0,62361939	0,775513652	less
2,954142861	0,492357144	0,862442189	74,08135972	12,34689329	52,60897351	3,666857673	0,611142945	0,864647767	1,697062338	0,282843723	0,669259145	less
1,390317195	0,695158598	0,752394454	30,45584995	15,22792497	24,07662254	1,065697298	0,532848649	0,687807205	1,24723878	0,62361939	0,775513652	less
2,954142861	0,492357144	0,862442189	74,08135972	12,34689329	52,60897351	3,666857673	0,611142945	0,864647767	1,697062338	0,282843723	0,669259145	less
2,023484471	0,674494824	0,756310951	19,40961497	6,469871658	10,58835331	1,359975023	0,453325008	0,767932301	1,270030416	0,423343472	0,718170052	less
1,390317195	0,695158598	0,752394454	30,45584995	15,22792497	24,07662254	1,065697298	0,532848649	0,687807205	1,24723878	0,62361939	0,775513652	less
2,76496002	0,691240005	0,862442189	114,441148	28,61028701	52,60897351	1,704892134	0,426223034	0,600973876	1,671628104	0,417907026	0,669259145	less
2,76496002	0,691240005	0,862442189	114,441148	28,61028701	52,60897351	1,704892134	0,426223034	0,600973876	1,671628104	0,417907026	0,669259145	less
3,434775785	0,572462631	0,816790044	86,07243344	14,34540557	36,75555198	2,833344397	0,472224066	0,588662036	1,987433591	0,331238932	0,529863911	less
3,434775785	0,572462631	0,816790044	86,07243344	14,34540557	36,75555198	2,833344397	0,472224066	0,588662036	1,987433591	0,331238932	0,529863911	less
1,862442189	0,931221094	1	53,60897351	26,80448676	52,60897351	1,363524691	0,681762345	1	1,669259145	0,834629572	1	less
2,76496002	0,691240005	0,862442189	114,441148	28,61028701	52,60897351	1,704892134	0,426223034	0,600973876	1,671628104	0,417907026	0,669259145	less
1,390317195	0,695158598	0,752394454	30,45584995	15,22792497	24,07662254	1,065697298	0,532848649	0,687807205	1,24723878	0,62361939	0,775513652	less
1,295082907	0,647541453	0,862442189	53,90689567	26,95344783	52,60897351	0,912842638	0,456421319	0,549317948	0,720117329	0,360058664	0,669259145	less
3,434775785	0,572462631	0,816790044	86,07243344	14,34540557	36,75555198	2,833344397	0,472224066	0,588662036	1,987433591	0,331238932	0,529863911	less
2,76496002	0,691240005	0,862442189	114,441148	28,61028701	52,60897351	1,704892134	0,426223034	0,600973876	1,671628104	0,417907026	0,669259145	less
1,390317195	0,695158598	0,752394454	30,45584995	15,22792497	24,07662254	1,065697298	0,532848649	0,687807205	1,24723878	0,62361939	0,775513652	less
3,434775785	0,572462631	0,816790044	86,07243344	14,34540557	36,75555198	2,833344397	0,472224066	0,588662036	1,987433591	0,331238932	0,529863911	less
3,434775785	0,572462631	0,816790044	86,07243344	14,34540557	36,75555198	2,833344397	0,472224066	0,588662036	1,987433591	0,331238932	0,529863911	less
1,242280245	0,621140122	0,862442189	54,88800185	27,44400092	52,60897351	0,791855203	0,395927602	0,428330513	1,216183985	0,608091992	0,669259145	less
3,434775785	0,572462631	0,816790044	86,07243344	14,34540557	36,75555198	2,833344397	0,472224066	0,588662036	1,987433591	0,331238932	0,529863911	less
3,434775785	0,572462631	0,816790044	86,07243344	14,34540557	36,75555198	2,833344397	0,472224066	0,588662036	1,987433591	0,331238932	0,529863911	less
2,76496002	0,691240005	0,862442189	114,441148	28,61028701	52,60897351	1,704892134	0,426223034	0,600973876	1,671628104	0,417907026	0,669259145	less
1,862442189	0,931221094	1	53,60897351	26,80448676	52,60897351	1,363524691	0,681762345	1	1,669259145	0,834629572	1	less
1,390317195	0,695158598	0,752394454	30,45584995	15,22792497	24,07662254	1,065697298	0,532848649	0,687807205	1,24723878	0,62361939	0,775513652	less
2,76496002	0,691240005	0,862442189	114,441148	28,61028701	52,60897351	1,704892134	0,426223034	0,600973876	1,671628104	0,417907026	0,669259145	less
2,76496002	0,691240005	0,862442189	114,441148	28,61028701	52,60897351	1,704892134	0,426223034	0,600973876	1,671628104	0,417907026	0,669259145	less
2,791216864	0,697804216	0,862442189	93,93785064	23,48446266	52,60897351	2,010097288	0,502524322	0,700618246	1,570525102	0,392631275	0,669259145	less
2,954142861	0,492357144	0,862442189	74,08135972	12,34689329	52,60897351	3,666857673	0,611142945	0,864647767	1,697062338	0,282843723	0,669259145	less
2,954142861	0,492357144	0,862442189	74,08135972	12,34689329	52,60897351	3,666857673	0,611142945	0,864647767	1,697062338	0,282843723	0,669259145	less
3,402736171	0,567122695	0,862442189	109,8579776	18,30966293	52,60897351	2,428013507	0,404668918	0,450118738	1,627936506	0,271322751	0,669259145	less
2,76496002	0,691240005	0,862442189	114,441148	28,61028701	52,60897351	1,704892134	0,426223034	0,600973876	1,671628104	0,417907026	0,669259145	less
3,434775785	0,572462631	0,816790044	86,07243344	14,34540557	36,75555198	2,833344397	0,472224066	0,588662036	1,987433591	0,331238932	0,529863911	less
1,390317195	0,695158598	0,752394454	30,45584995	15,22792497	24,07662254	1,065697298	0,532848649	0,687807205	1,24723878	0,62361939	0,775513652	less
3,434775785	0,572462631	0,816790044	86,07243344	14,34540557	36,75555198	2,833344397	0,472224066	0,588662036	1,987433591	0,331238932	0,529863911	less
2,954142861	0,492357144	0,862442189	74,08135972	12,34689329	52,60897351	3,666857673	0,611142945	0,864647767	1,697062338	0,282843723	0,669259145	less
2,954142861	0,492357144	0,862442189	74,08135972	12,34689329	52,60897351	3,666857673	0,611142945	0,864647767	1,697062338	0,282843723	0,669259145	less
3,434775785	0,572462631	0,816790044	86,07243344	14,34540557	36,75555198	2,833344397	0,472224066	0,588662036	1,987433591	0,331238932	0,529863911	less
2,251095539	0,562773885	0,862442189	68,76537386	17,19134347	52,60897351	1,982061416	0,495515354	0,615096926	1,206460243	0,301615061	0,669259145	less
3,434775785	0,572462631	0,816790044	86,07243344	14,34540557	36,75555198	2,833344397	0,472224066	0,588662036	1,987433591	0,331238932	0,529863911	less
1,390317195	0,695158598	0,752394454	30,45584995	15,22792497	24,07662254	1,065697298	0,532848649	0,687807205	1,24723878	0,62361939	0,775513652	less
2,76496002	0,691240005	0,862442189	114,441148	28,61028701	52,60897351	1,704892134	0,426223034	0,600973876	1,671628104	0,417907026	0,669259145	less
3,252759384	0,813189846	1	84,06482346	21,01620587	52,60897351	2,429221989	0,607305497	1	2,916497925	0,729124481	1	less
3,434775785	0,572462631	0,816790044	86,07243344	14,34540557	36,75555198	2,833344397	0,472224066	0,588662036	1,987433591	0,331238932	0,529863911	less
1,390317195	0,695158598	0,752394454	30,45584995	15,22792497	24,07662254	1,065697298	0,532848649	0,687807205	1,24723878	0,62361939	0,775513652	less
2,954142861	0,492357144	0,862442189	74,08135972	12,34689329	52,60897351	3,666857673	0,611142945	0,864647767	1,697062338	0,282843723	0,669259145	less
1,129778899	0,564889449	0,816790044	38,0075074	19,0037537	36,75555198	1,104696897	0,552348448	0,742193423	1,275542227	0,637771113	0,745678316	less
2,954142861	0,492357144	0,862442189	74,08135972	12,34689329	52,60897351	3,666857673	0,611142945	0,864647767	1,697062338	0,282843723	0,669259145	less
3,402736171	0,567122695	0,862442189	109,8579776	18,30966293	52,60897351	2,428013507	0,404668918	0,450118738	1,627936506	0,271322751	0,669259145	less
2,326962309	0,581740577	0,862442189	62,59090242	15,64772561	52,60897351	2,036601989	0,509150497	0,800945344	1,123234272	0,280808568	0,669259145	less
2,954142861	0,492357144	0,862442189	74,08135972	12,34689329	52,60897351	3,666857673	0,611142945	0,864647767	1,697062338	0,282843723	0,669259145	less
3,434775785	0,572462631	0,816790044	86,07243344	14,34540557	36,75555198	2,833344397	0,472224066	0,588662036	1,987433591	0,331238932	0,529863911	less
2,954142861	0,492357144	0,862442189	74,08135972	12,34689329	52,60897351	3,666857673	0,611142945	0,864647767	1,697062338	0,282843723	0,669259145	less
2,76496002	0,691240005	0,862442189	114,441148	28,61028701	52,60897351	1,704892134	0,426223034	0,600973876	1,671628104	0,417907026	0,669259145	less
3,434775785	0,572462631	0,816790044	86,07243344	14,34540557	36,75555198	2,833344397	0,472224066	0,588662036	1,987433591	0,331238932	0,529863911	less
1,862442189	0,931221094	1	53,60897351	26,80448676	52,60897351	1,363524691	0,681762345	1	1,669259145	0,834629572	1	less
2,791216864	0,697804216	0,862442189	93,93785064	23,48446266	52,60897351	2,010097288	0,502524322	0,700618246	1,570525102	0,392631275	0,669259145	less
2,954142861	0,492357144	0,862442189	74,08135972	12,34689329	52,60897351	3,666857673	0,611142945	0,864647767	1,697062338	0,282843723	0,669259145	less
1,454942436	0,727471218	0,862442189	60,90397698	30,45198849	52,60897351	0,83439186	0,41719593	0,470867169	1,064995052	0,532497526	0,669259145	less
2,76496002	0,691240005	0,862442189	114,441148	28,61028701	52,60897351	1,704892134	0,426223034	0,600973876	1,671628104	0,417907026	0,669259145	less
2,791216864	0,697804216	0,862442189	93,93785064	23,48446266	52,60897351	2,010097288	0,502524322	0,700618246	1,570525102	0,392631275	0,669259145	less
2,372059144	0,593014786	0,862442189	92,89550925	23,22387731	52,60897351	1,8965521	0,474138025	0,742193423	2,491726211	0,622931553	0,745678316	less
3,434775785	0,572462631	0,816790044	86,07243344	14,34540557	36,75555198	2,833344397	0,472224066	0,588662036	1,987433591	0,331238932	0,529863911	less
2,954142861	0,492357144	0,862442189	74,08135972	12,34689329	52,60897351	3,666857673	0,611142945	0,864647767	1,697062338	0,282843723	0,669259145	less
2,791216864	0,697804216	0,862442189	93,93785064	23,48446266	52,60897351	2,010097288	0,502524322	0,700618246	1,570525102	0,392631275	0,669259145	less
2,471097611	0,823699204	0,985550573	39,97762278	13,32587426	24,07662254	1,229612415	0,409870805	0,627857327	1,34898643	0,449662143	0,518497959	less
1,390317195	0,695158598	0,752394454	30,45584995	15,22792497	24,07662254	1,065697298	0,532848649	0,687807205	1,24723878	0,62361939	0,775513652	less
1,390317195	0,695158598	0,752394454	30,45584995	15,22792497	24,07662254	1,065697298	0,532848649	0,687807205	1,24723878	0,62361939	0,775513652	less
2,76496002	0,691240005	0,862442189	114,441148	28,61028701	52,60897351	1,704892134	0,426223034	0,600973876	1,671628104	0,417907026	0,669259145	less
3,434775785	0,572462631	0,816790044	86,07243344	14,34540557	36,75555198	2,833344397	0,472224066	0,588662036	1,987433591	0,331238932	0,529863911	less
1,390317195	0,695158598	0,752394454	30,45584995	15,22792497	24,07662254	1,065697298	0,532848649	0,687807205	1,24723878	0,62361939	0,775513652	less
2,76496002	0,691240005	0,862442189	114,441148	28,61028701	52,60897351	1,704892134	0,426223034	0,600973876	1,671628104	0,417907026	0,669259145	less
2,76496002	0,691240005	0,862442189	114,441148	28,61028701	52,60897351	1,704892134	0,426223034	0,600973876	1,671628104	0,417907026	0,669259145	less
3,252759384	0,813189846	1	84,06482346	21,01620587	52,60897351	2,429221989	0,607305497	1	2,916497925	0,729124481	1	less
2,76496002	0,691240005	0,862442189	114,441148	28,61028701	52,60897351	1,704892134	0,426223034	0,600973876	1,671628104	0,417907026	0,669259145	less
1,242280245	0,621140122	0,862442189	54,88800185	27,44400092	52,60897351	0,791855203	0,395927602	0,428330513	1,216183985	0,608091992	0,669259145	less
3,434775785	0,572462631	0,816790044	86,07243344	14,34540557	36,75555198	2,833344397	0,472224066	0,588662036	1,987433591	0,331238932	0,529863911	less
2,76496002	0,691240005	0,862442189	114,441148	28,61028701	52,60897351	1,704892134	0,426223034	0,600973876	1,671628104	0,417907026	0,669259145	less
2,76496002	0,691240005	0,862442189	114,441148	28,61028701	52,60897351	1,704892134	0,426223034	0,600973876	1,671628104	0,417907026	0,669259145	less
2,76496002	0,691240005	0,862442189	114,441148	28,61028701	52,60897351	1,704892134	0,426223034	0,600973876	1,671628104	0,417907026	0,669259145	less
2,76496002	0,691240005	0,862442189	114,441148	28,61028701	52,60897351	1,704892134	0,426223034	0,600973876	1,671628104	0,417907026	0,669259145	less
1,862442189	0,931221094	1	53,60897351	26,80448676	52,60897351	1,363524691	0,681762345	1	1,669259145	0,834629572	1	less
2,76496002	0,691240005	0,862442189	114,441148	28,61028701	52,60897351	1,704892134	0,426223034	0,600973876	1,671628104	0,417907026	0,669259145	less
2,76496002	0,691240005	0,862442189	114,441148	28,61028701	52,60897351	1,704892134	0,426223034	0,600973876	1,671628104	0,417907026	0,669259145	less
1,242280245	0,621140122	0,862442189	54,88800185	27,44400092	52,60897351	0,791855203	0,395927602	0,428330513	1,216183985	0,608091992	0,669259145	less
3,402736171	0,567122695	0,862442189	109,8579776	18,30966293	52,60897351	2,428013507	0,404668918	0,450118738	1,627936506	0,271322751	0,669259145	less
2,76496002	0,691240005	0,862442189	114,441148	28,61028701	52,60897351	1,704892134	0,426223034	0,600973876	1,671628104	0,417907026	0,669259145	less
3,434775785	0,572462631	0,816790044	86,07243344	14,34540557	36,75555198	2,833344397	0,472224066	0,588662036	1,987433591	0,331238932	0,529863911	less
2,76496002	0,691240005	0,862442189	114,441148	28,61028701	52,60897351	1,704892134	0,426223034	0,600973876	1,671628104	0,417907026	0,669259145	less
2,791216864	0,697804216	0,862442189	93,93785064	23,48446266	52,60897351	2,010097288	0,502524322	0,700618246	1,570525102	0,392631275	0,669259145	less
2,76496002	0,691240005	0,862442189	114,441148	28,61028701	52,60897351	1,704892134	0,426223034	0,600973876	1,671628104	0,417907026	0,669259145	less
2,76496002	0,691240005	0,862442189	114,441148	28,61028701	52,60897351	1,704892134	0,426223034	0,600973876	1,671628104	0,417907026	0,669259145	less
1,390317195	0,695158598	0,752394454	30,45584995	15,22792497	24,07662254	1,065697298	0,532848649	0,687807205	1,24723878	0,62361939	0,775513652	less
3,434775785	0,572462631	0,816790044	86,07243344	14,34540557	36,75555198	2,833344397	0,472224066	0,588662036	1,987433591	0,331238932	0,529863911	less
2,76496002	0,691240005	0,862442189	114,441148	28,61028701	52,60897351	1,704892134	0,426223034	0,600973876	1,671628104	0,417907026	0,669259145	less
1,390317195	0,695158598	0,752394454	30,45584995	15,22792497	24,07662254	1,065697298	0,532848649	0,687807205	1,24723878	0,62361939	0,775513652	less
1,74138505	0,870692525	0,949656224	19,63320141	9,816600707	15,83457652	0,88599963	0,442999815	0,534370503	1,011283073	0,505641536	0,626167963	less
1,390317195	0,695158598	0,752394454	30,45584995	15,22792497	24,07662254	1,065697298	0,532848649	0,687807205	1,24723878	0,62361939	0,775513652	less
3,434775785	0,572462631	0,816790044	86,07243344	14,34540557	36,75555198	2,833344397	0,472224066	0,588662036	1,987433591	0,331238932	0,529863911	less
1,129778899	0,564889449	0,816790044	38,0075074	19,0037537	36,75555198	1,104696897	0,552348448	0,742193423	1,275542227	0,637771113	0,745678316	less
2,29515168	0,76505056	0,791728826	31,30501615	10,43500538	15,83457652	1,140680821	0,38022694	0,5651867	0,804607858	0,268202619	0,38511511	less
2,76496002	0,691240005	0,862442189	114,441148	28,61028701	52,60897351	1,704892134	0,426223034	0,600973876	1,671628104	0,417907026	0,669259145	less
2,954142861	0,492357144	0,862442189	74,08135972	12,34689329	52,60897351	3,666857673	0,611142945	0,864647767	1,697062338	0,282843723	0,669259145	less
1,242280245	0,621140122	0,862442189	54,88800185	27,44400092	52,60897351	0,791855203	0,395927602	0,428330513	1,216183985	0,608091992	0,669259145	less
1,242280245	0,621140122	0,862442189	54,88800185	27,44400092	52,60897351	0,791855203	0,395927602	0,428330513	1,216183985	0,608091992	0,669259145	less
3,434775785	0,572462631	0,816790044	86,07243344	14,34540557	36,75555198	2,833344397	0,472224066	0,588662036	1,987433591	0,331238932	0,529863911	less
1,390317195	0,695158598	0,752394454	30,45584995	15,22792497	24,07662254	1,065697298	0,532848649	0,687807205	1,24723878	0,62361939	0,775513652	less
2,76496002	0,691240005	0,862442189	114,441148	28,61028701	52,60897351	1,704892134	0,426223034	0,600973876	1,671628104	0,417907026	0,669259145	less
1,390317195	0,695158598	0,752394454	30,45584995	15,22792497	24,07662254	1,065697298	0,532848649	0,687807205	1,24723878	0,62361939	0,775513652	less
1,390317195	0,695158598	0,752394454	30,45584995	15,22792497	24,07662254	1,065697298	0,532848649	0,687807205	1,24723878	0,62361939	0,775513652	less
1,242280245	0,621140122	0,862442189	54,88800185	27,44400092	52,60897351	0,791855203	0,395927602	0,428330513	1,216183985	0,608091992	0,669259145	less
2,76496002	0,691240005	0,862442189	114,441148	28,61028701	52,60897351	1,704892134	0,426223034	0,600973876	1,671628104	0,417907026	0,669259145	less
2,179232233	0,726410744	0,862442189	90,36452549	30,1215085	52,60897351	1,580259656	0,526753219	0,854231492	1,687904052	0,562634684	0,669259145	less
1,862442189	0,931221094	1	53,60897351	26,80448676	52,60897351	1,363524691	0,681762345	1	1,669259145	0,834629572	1	less
2,76496002	0,691240005	0,862442189	114,441148	28,61028701	52,60897351	1,704892134	0,426223034	0,600973876	1,671628104	0,417907026	0,669259145	less
1,862442189	0,931221094	1	53,60897351	26,80448676	52,60897351	1,363524691	0,681762345	1	1,669259145	0,834629572	1	less
2,76496002	0,691240005	0,862442189	114,441148	28,61028701	52,60897351	1,704892134	0,426223034	0,600973876	1,671628104	0,417907026	0,669259145	less
2,76496002	0,691240005	0,862442189	114,441148	28,61028701	52,60897351	1,704892134	0,426223034	0,600973876	1,671628104	0,417907026	0,669259145	less
3,434775785	0,572462631	0,816790044	86,07243344	14,34540557	36,75555198	2,833344397	0,472224066	0,588662036	1,987433591	0,331238932	0,529863911	less
2,76496002	0,691240005	0,862442189	114,441148	28,61028701	52,60897351	1,704892134	0,426223034	0,600973876	1,671628104	0,417907026	0,669259145	less
2,76496002	0,691240005	0,862442189	114,441148	28,61028701	52,60897351	1,704892134	0,426223034	0,600973876	1,671628104	0,417907026	0,669259145	less
2,76496002	0,691240005	0,862442189	114,441148	28,61028701	52,60897351	1,704892134	0,426223034	0,600973876	1,671628104	0,417907026	0,669259145	less
1,390317195	0,695158598	0,752394454	30,45584995	15,22792497	24,07662254	1,065697298	0,532848649	0,687807205	1,24723878	0,62361939	0,775513652	less
3,570088273	0,595014712	0,816790044	67,90864194	11,31810699	36,75555198	2,399680616	0,399946769	0,544424946	1,35898293	0,226497155	0,529863911	less
3,434775785	0,572462631	0,816790044	86,07243344	14,34540557	36,75555198	2,833344397	0,472224066	0,588662036	1,987433591	0,331238932	0,529863911	less
2,76496002	0,691240005	0,862442189	114,441148	28,61028701	52,60897351	1,704892134	0,426223034	0,600973876	1,671628104	0,417907026	0,669259145	less
3,434775785	0,572462631	0,816790044	86,07243344	14,34540557	36,75555198	2,833344397	0,472224066	0,588662036	1,987433591	0,331238932	0,529863911	less
2,76496002	0,691240005	0,862442189	114,441148	28,61028701	52,60897351	1,704892134	0,426223034	0,600973876	1,671628104	0,417907026	0,669259145	less
3,434775785	0,572462631	0,816790044	86,07243344	14,34540557	36,75555198	2,833344397	0,472224066	0,588662036	1,987433591	0,331238932	0,529863911	less
2,179232233	0,726410744	0,862442189	90,36452549	30,1215085	52,60897351	1,580259656	0,526753219	0,854231492	1,687904052	0,562634684	0,669259145	less
1,595594772	0,797797386	0,862442189	66,5388726	33,2694363	52,60897351	0,587389685	0,293694842	0,363524691	1,028022487	0,514011243	0,669259145	less
4,191281914	0,838256383	1	107,6397437	21,52794874	52,60897351	2,631878074	0,526375615	1	2,586849653	0,517369931	1	less
3,543611318	0,708722264	0,862442189	118,0144732	23,60289464	52,60897351	2,387987382	0,477597476	0,700618246	2,04225023	0,408450046	0,669259145	less
2,76496002	0,691240005	0,862442189	114,441148	28,61028701	52,60897351	1,704892134	0,426223034	0,600973876	1,671628104	0,417907026	0,669259145	less
3,328329833	0,665665967	0,816790044	66,38647604	13,27729521	36,75555198	1,859384086	0,371876817	0,479715497	1,337850111	0,267570022	0,529863911	less
1,390317195	0,695158598	0,752394454	30,45584995	15,22792497	24,07662254	1,065697298	0,532848649	0,687807205	1,24723878	0,62361939	0,775513652	less
5,21236011	0,744622873	0,845439189	65,92772662	9,41824666	36,75555198	3,654774228	0,522110604	0,76622723	1,862044606	0,266006372	0,529863911	less
4,849676679	0,692810954	0,816790044	94,93526952	13,56218136	36,75555198	2,494938818	0,356419831	0,544424946	2,253051863	0,321864552	0,529863911	less
2,76496002	0,691240005	0,862442189	114,441148	28,61028701	52,60897351	1,704892134	0,426223034	0,600973876	1,671628104	0,417907026	0,669259145	less
1,390317195	0,695158598	0,752394454	30,45584995	15,22792497	24,07662254	1,065697298	0,532848649	0,687807205	1,24723878	0,62361939	0,775513652	less
2,76496002	0,691240005	0,862442189	114,441148	28,61028701	52,60897351	1,704892134	0,426223034	0,600973876	1,671628104	0,417907026	0,669259145	less
2,76496002	0,691240005	0,862442189	114,441148	28,61028701	52,60897351	1,704892134	0,426223034	0,600973876	1,671628104	0,417907026	0,669259145	less
1,390317195	0,695158598	0,752394454	30,45584995	15,22792497	24,07662254	1,065697298	0,532848649	0,687807205	1,24723878	0,62361939	0,775513652	less
1,390317195	0,695158598	0,752394454	30,45584995	15,22792497	24,07662254	1,065697298	0,532848649	0,687807205	1,24723878	0,62361939	0,775513652	less
3,402736171	0,567122695	0,862442189	109,8579776	18,30966293	52,60897351	2,428013507	0,404668918	0,450118738	1,627936506	0,271322751	0,669259145	less
2,76496002	0,691240005	0,862442189	114,441148	28,61028701	52,60897351	1,704892134	0,426223034	0,600973876	1,671628104	0,417907026	0,669259145	less
2,791216864	0,697804216	0,862442189	93,93785064	23,48446266	52,60897351	2,010097288	0,502524322	0,700618246	1,570525102	0,392631275	0,669259145	less
4,191281914	0,838256383	1	107,6397437	21,52794874	52,60897351	2,631878074	0,526375615	1	2,586849653	0,517369931	1	less
3,434775785	0,572462631	0,816790044	86,07243344	14,34540557	36,75555198	2,833344397	0,472224066	0,588662036	1,987433591	0,331238932	0,529863911	less
1,390317195	0,695158598	0,752394454	30,45584995	15,22792497	24,07662254	1,065697298	0,532848649	0,687807205	1,24723878	0,62361939	0,775513652	less
3,434775785	0,572462631	0,816790044	86,07243344	14,34540557	36,75555198	2,833344397	0,472224066	0,588662036	1,987433591	0,331238932	0,529863911	less
1,390317195	0,695158598	0,752394454	30,45584995	15,22792497	24,07662254	1,065697298	0,532848649	0,687807205	1,24723878	0,62361939	0,775513652	less
2,76496002	0,691240005	0,862442189	114,441148	28,61028701	52,60897351	1,704892134	0,426223034	0,600973876	1,671628104	0,417907026	0,669259145	less
2,76496002	0,691240005	0,862442189	114,441148	28,61028701	52,60897351	1,704892134	0,426223034	0,600973876	1,671628104	0,417907026	0,669259145	less
1,390317195	0,695158598	0,752394454	30,45584995	15,22792497	24,07662254	1,065697298	0,532848649	0,687807205	1,24723878	0,62361939	0,775513652	less
1,390317195	0,695158598	0,752394454	30,45584995	15,22792497	24,07662254	1,065697298	0,532848649	0,687807205	1,24723878	0,62361939	0,775513652	less
3,378627824	0,675725565	0,862442189	73,84901653	14,76980331	52,60897351	2,301139433	0,460227887	0,687807205	2,544070484	0,508814097	0,775513652	less
2,76496002	0,691240005	0,862442189	114,441148	28,61028701	52,60897351	1,704892134	0,426223034	0,600973876	1,671628104	0,417907026	0,669259145	less
3,434775785	0,572462631	0,816790044	86,07243344	14,34540557	36,75555198	2,833344397	0,472224066	0,588662036	1,987433591	0,331238932	0,529863911	less
2,76496002	0,691240005	0,862442189	114,441148	28,61028701	52,60897351	1,704892134	0,426223034	0,600973876	1,671628104	0,417907026	0,669259145	less
1,390317195	0,695158598	0,752394454	30,45584995	15,22792497	24,07662254	1,065697298	0,532848649	0,687807205	1,24723878	0,62361939	0,775513652	less
1,862442189	0,931221094	1	53,60897351	26,80448676	52,60897351	1,363524691	0,681762345	1	1,669259145	0,834629572	1	less
2,76496002	0,691240005	0,862442189	114,441148	28,61028701	52,60897351	1,704892134	0,426223034	0,600973876	1,671628104	0,417907026	0,669259145	less
2,76496002	0,691240005	0,862442189	114,441148	28,61028701	52,60897351	1,704892134	0,426223034	0,600973876	1,671628104	0,417907026	0,669259145	less
1,74138505	0,870692525	0,949656224	19,63320141	9,816600707	15,83457652	0,88599963	0,442999815	0,534370503	1,011283073	0,505641536	0,626167963	less
2,76496002	0,691240005	0,862442189	114,441148	28,61028701	52,60897351	1,704892134	0,426223034	0,600973876	1,671628104	0,417907026	0,669259145	less
1,390317195	0,695158598	0,752394454	30,45584995	15,22792497	24,07662254	1,065697298	0,532848649	0,687807205	1,24723878	0,62361939	0,775513652	less
2,76496002	0,691240005	0,862442189	114,441148	28,61028701	52,60897351	1,704892134	0,426223034	0,600973876	1,671628104	0,417907026	0,669259145	less
3,434775785	0,572462631	0,816790044	86,07243344	14,34540557	36,75555198	2,833344397	0,472224066	0,588662036	1,987433591	0,331238932	0,529863911	less
1,390317195	0,695158598	0,752394454	30,45584995	15,22792497	24,07662254	1,065697298	0,532848649	0,687807205	1,24723878	0,62361939	0,775513652	less
3,434775785	0,572462631	0,816790044	86,07243344	14,34540557	36,75555198	2,833344397	0,472224066	0,588662036	1,987433591	0,331238932	0,529863911	less
3,434775785	0,572462631	0,816790044	86,07243344	14,34540557	36,75555198	2,833344397	0,472224066	0,588662036	1,987433591	0,331238932	0,529863911	less
1,390317195	0,695158598	0,752394454	30,45584995	15,22792497	24,07662254	1,065697298	0,532848649	0,687807205	1,24723878	0,62361939	0,775513652	less
1,390317195	0,695158598	0,752394454	30,45584995	15,22792497	24,07662254	1,065697298	0,532848649	0,687807205	1,24723878	0,62361939	0,775513652	less
1,74138505	0,870692525	0,949656224	19,63320141	9,816600707	15,83457652	0,88599963	0,442999815	0,534370503	1,011283073	0,505641536	0,626167963	less
1,74138505	0,870692525	0,949656224	19,63320141	9,816600707	15,83457652	0,88599963	0,442999815	0,534370503	1,011283073	0,505641536	0,626167963	less
2,76496002	0,691240005	0,862442189	114,441148	28,61028701	52,60897351	1,704892134	0,426223034	0,600973876	1,671628104	0,417907026	0,669259145	less
1,390317195	0,695158598	0,752394454	30,45584995	15,22792497	24,07662254	1,065697298	0,532848649	0,687807205	1,24723878	0,62361939	0,775513652	less
1,862442189	0,931221094	1	53,60897351	26,80448676	52,60897351	1,363524691	0,681762345	1	1,669259145	0,834629572	1	less
1,862442189	0,931221094	1	53,60897351	26,80448676	52,60897351	1,363524691	0,681762345	1	1,669259145	0,834629572	1	less
1,390317195	0,695158598	0,752394454	30,45584995	15,22792497	24,07662254	1,065697298	0,532848649	0,687807205	1,24723878	0,62361939	0,775513652	less
2,76496002	0,691240005	0,862442189	114,441148	28,61028701	52,60897351	1,704892134	0,426223034	0,600973876	1,671628104	0,417907026	0,669259145	less
2,76496002	0,691240005	0,862442189	114,441148	28,61028701	52,60897351	1,704892134	0,426223034	0,600973876	1,671628104	0,417907026	0,669259145	less
1,862442189	0,931221094	1	53,60897351	26,80448676	52,60897351	1,363524691	0,681762345	1	1,669259145	0,834629572	1	less
1,390317195	0,695158598	0,752394454	30,45584995	15,22792497	24,07662254	1,065697298	0,532848649	0,687807205	1,24723878	0,62361939	0,775513652	less
3,434775785	0,572462631	0,816790044	86,07243344	14,34540557	36,75555198	2,833344397	0,472224066	0,588662036	1,987433591	0,331238932	0,529863911	less
1,390317195	0,695158598	0,752394454	30,45584995	15,22792497	24,07662254	1,065697298	0,532848649	0,687807205	1,24723878	0,62361939	0,775513652	less
2,76496002	0,691240005	0,862442189	114,441148	28,61028701	52,60897351	1,704892134	0,426223034	0,600973876	1,671628104	0,417907026	0,669259145	less
3,402736171	0,567122695	0,862442189	109,8579776	18,30966293	52,60897351	2,428013507	0,404668918	0,450118738	1,627936506	0,271322751	0,669259145	less
1,390317195	0,695158598	0,752394454	30,45584995	15,22792497	24,07662254	1,065697298	0,532848649	0,687807205	1,24723878	0,62361939	0,775513652	less
1,74138505	0,870692525	0,949656224	19,63320141	9,816600707	15,83457652	0,88599963	0,442999815	0,534370503	1,011283073	0,505641536	0,626167963	less
2,251095539	0,562773885	0,862442189	68,76537386	17,19134347	52,60897351	1,982061416	0,495515354	0,615096926	1,206460243	0,301615061	0,669259145	less
1,390317195	0,695158598	0,752394454	30,45584995	15,22792497	24,07662254	1,065697298	0,532848649	0,687807205	1,24723878	0,62361939	0,775513652	less
3,434775785	0,572462631	0,816790044	86,07243344	14,34540557	36,75555198	2,833344397	0,472224066	0,588662036	1,987433591	0,331238932	0,529863911	less
3,434775785	0,572462631	0,816790044	86,07243344	14,34540557	36,75555198	2,833344397	0,472224066	0,588662036	1,987433591	0,331238932	0,529863911	less
1,74138505	0,870692525	0,949656224	19,63320141	9,816600707	15,83457652	0,88599963	0,442999815	0,534370503	1,011283073	0,505641536	0,626167963	less
2,791216864	0,697804216	0,862442189	93,93785064	23,48446266	52,60897351	2,010097288	0,502524322	0,700618246	1,570525102	0,392631275	0,669259145	less
3,434775785	0,572462631	0,816790044	86,07243344	14,34540557	36,75555198	2,833344397	0,472224066	0,588662036	1,987433591	0,331238932	0,529863911	less
2,76496002	0,691240005	0,862442189	114,441148	28,61028701	52,60897351	1,704892134	0,426223034	0,600973876	1,671628104	0,417907026	0,669259145	less
1,242280245	0,621140122	0,862442189	54,88800185	27,44400092	52,60897351	0,791855203	0,395927602	0,428330513	1,216183985	0,608091992	0,669259145	less
1,500364929	0,750182465	0,862442189	58,98820092	29,49410046	52,60897351	1,051331895	0,525665948	0,687807205	1,444772796	0,722386398	0,775513652	less
3,434775785	0,572462631	0,816790044	86,07243344	14,34540557	36,75555198	2,833344397	0,472224066	0,588662036	1,987433591	0,331238932	0,529863911	less
3,434775785	0,572462631	0,816790044	86,07243344	14,34540557	36,75555198	2,833344397	0,472224066	0,588662036	1,987433591	0,331238932	0,529863911	less
1,862442189	0,931221094	1	53,60897351	26,80448676	52,60897351	1,363524691	0,681762345	1	1,669259145	0,834629572	1	less
2,76496002	0,691240005	0,862442189	114,441148	28,61028701	52,60897351	1,704892134	0,426223034	0,600973876	1,671628104	0,417907026	0,669259145	less
3,434775785	0,572462631	0,816790044	86,07243344	14,34540557	36,75555198	2,833344397	0,472224066	0,588662036	1,987433591	0,331238932	0,529863911	less
3,524369447	0,704873889	0,862442189	107,8677497	21,57354995	52,60897351	2,233962283	0,446792457	0,700618246	1,929288444	0,385857689	0,669259145	less
1,390317195	0,695158598	0,752394454	30,45584995	15,22792497	24,07662254	1,065697298	0,532848649	0,687807205	1,24723878	0,62361939	0,775513652	less
3,434775785	0,572462631	0,816790044	86,07243344	14,34540557	36,75555198	2,833344397	0,472224066	0,588662036	1,987433591	0,331238932	0,529863911	less
1,862442189	0,931221094	1	53,60897351	26,80448676	52,60897351	1,363524691	0,681762345	1	1,669259145	0,834629572	1	less
3,434775785	0,572462631	0,816790044	86,07243344	14,34540557	36,75555198	2,833344397	0,472224066	0,588662036	1,987433591	0,331238932	0,529863911	less
2,134545298	0,711515099	0,862442189	62,15910276	20,71970092	52,60897351	1,621090562	0,540363521	0,687807205	1,761614637	0,587204879	0,775513652	less
1,390317195	0,695158598	0,752394454	30,45584995	15,22792497	24,07662254	1,065697298	0,532848649	0,687807205	1,24723878	0,62361939	0,775513652	less
2,018286345	0,672762115	0,862442189	54,92066183	18,30688728	52,60897351	1,882463652	0,627487884	0,759469481	0,675852057	0,225284019	0,669259145	less
3,434775785	0,572462631	0,816790044	86,07243344	14,34540557	36,75555198	2,833344397	0,472224066	0,588662036	1,987433591	0,331238932	0,529863911	less
2,954142861	0,492357144	0,862442189	74,08135972	12,34689329	52,60897351	3,666857673	0,611142945	0,864647767	1,697062338	0,282843723	0,669259145	less
2,76496002	0,691240005	0,862442189	114,441148	28,61028701	52,60897351	1,704892134	0,426223034	0,600973876	1,671628104	0,417907026	0,669259145	less
1,242280245	0,621140122	0,862442189	54,88800185	27,44400092	52,60897351	0,791855203	0,395927602	0,428330513	1,216183985	0,608091992	0,669259145	less
1,36728715	0,683643575	0,862442189	54,62835336	27,31417668	52,60897351	1,034824602	0,517412301	0,671299912	1,264821862	0,632410931	0,669259145	less
3,402736171	0,567122695	0,862442189	109,8579776	18,30966293	52,60897351	2,428013507	0,404668918	0,450118738	1,627936506	0,271322751	0,669259145	less
3,434775785	0,572462631	0,816790044	86,07243344	14,34540557	36,75555198	2,833344397	0,472224066	0,588662036	1,987433591	0,331238932	0,529863911	less
3,434775785	0,572462631	0,816790044	86,07243344	14,34540557	36,75555198	2,833344397	0,472224066	0,588662036	1,987433591	0,331238932	0,529863911	less
2,791216864	0,697804216	0,862442189	93,93785064	23,48446266	52,60897351	2,010097288	0,502524322	0,700618246	1,570525102	0,392631275	0,669259145	less
1,390317195	0,695158598	0,752394454	30,45584995	15,22792497	24,07662254	1,065697298	0,532848649	0,687807205	1,24723878	0,62361939	0,775513652	less
2,76496002	0,691240005	0,862442189	114,441148	28,61028701	52,60897351	1,704892134	0,426223034	0,600973876	1,671628104	0,417907026	0,669259145	less
2,76496002	0,691240005	0,862442189	114,441148	28,61028701	52,60897351	1,704892134	0,426223034	0,600973876	1,671628104	0,417907026	0,669259145	less
1,390317195	0,695158598	0,752394454	30,45584995	15,22792497	24,07662254	1,065697298	0,532848649	0,687807205	1,24723878	0,62361939	0,775513652	less
2,820562704	0,705140676	0,816790044	66,48775159	16,6219379	36,75555198	1,668032291	0,417008073	0,544424946	1,484419331	0,371104833	0,529863911	less
1,390317195	0,695158598	0,752394454	30,45584995	15,22792497	24,07662254	1,065697298	0,532848649	0,687807205	1,24723878	0,62361939	0,775513652	less
3,402736171	0,567122695	0,862442189	109,8579776	18,30966293	52,60897351	2,428013507	0,404668918	0,450118738	1,627936506	0,271322751	0,669259145	less
3,402736171	0,567122695	0,862442189	109,8579776	18,30966293	52,60897351	2,428013507	0,404668918	0,450118738	1,627936506	0,271322751	0,669259145	less
1,390317195	0,695158598	0,752394454	30,45584995	15,22792497	24,07662254	1,065697298	0,532848649	0,687807205	1,24723878	0,62361939	0,775513652	less
1,390317195	0,695158598	0,752394454	30,45584995	15,22792497	24,07662254	1,065697298	0,532848649	0,687807205	1,24723878	0,62361939	0,775513652	less
2,954142861	0,492357144	0,862442189	74,08135972	12,34689329	52,60897351	3,666857673	0,611142945	0,864647767	1,697062338	0,282843723	0,669259145	less
2,954142861	0,492357144	0,862442189	74,08135972	12,34689329	52,60897351	3,666857673	0,611142945	0,864647767	1,697062338	0,282843723	0,669259145	less
1,500364929	0,750182465	0,862442189	58,98820092	29,49410046	52,60897351	1,051331895	0,525665948	0,687807205	1,444772796	0,722386398	0,775513652	less
2,326962309	0,581740577	0,862442189	62,59090242	15,64772561	52,60897351	2,036601989	0,509150497	0,800945344	1,123234272	0,280808568	0,669259145	less
3,434775785	0,572462631	0,816790044	86,07243344	14,34540557	36,75555198	2,833344397	0,472224066	0,588662036	1,987433591	0,331238932	0,529863911	less
1,573822968	0,786911484	0,862442189	56,87725819	28,43862909	52,60897351	0,712008568	0,356004284	0,363524691	1,021297731	0,510648865	0,669259145	less
1,862442189	0,931221094	1	53,60897351	26,80448676	52,60897351	1,363524691	0,681762345	1	1,669259145	0,834629572	1	less
3,434775785	0,572462631	0,816790044	86,07243344	14,34540557	36,75555198	2,833344397	0,472224066	0,588662036	1,987433591	0,331238932	0,529863911	less
1,390317195	0,695158598	0,752394454	30,45584995	15,22792497	24,07662254	1,065697298	0,532848649	0,687807205	1,24723878	0,62361939	0,775513652	less
1,242280245	0,621140122	0,862442189	54,88800185	27,44400092	52,60897351	0,791855203	0,395927602	0,428330513	1,216183985	0,608091992	0,669259145	less
2,326962309	0,581740577	0,862442189	62,59090242	15,64772561	52,60897351	2,036601989	0,509150497	0,800945344	1,123234272	0,280808568	0,669259145	less
1,242280245	0,621140122	0,862442189	54,88800185	27,44400092	52,60897351	0,791855203	0,395927602	0,428330513	1,216183985	0,608091992	0,669259145	less
2,326962309	0,581740577	0,862442189	62,59090242	15,64772561	52,60897351	2,036601989	0,509150497	0,800945344	1,123234272	0,280808568	0,669259145	less
3,434775785	0,572462631	0,816790044	86,07243344	14,34540557	36,75555198	2,833344397	0,472224066	0,588662036	1,987433591	0,331238932	0,529863911	less
3,434775785	0,572462631	0,816790044	86,07243344	14,34540557	36,75555198	2,833344397	0,472224066	0,588662036	1,987433591	0,331238932	0,529863911	less
1,390317195	0,695158598	0,752394454	30,45584995	15,22792497	24,07662254	1,065697298	0,532848649	0,687807205	1,24723878	0,62361939	0,775513652	less
1,390317195	0,695158598	0,752394454	30,45584995	15,22792497	24,07662254	1,065697298	0,532848649	0,687807205	1,24723878	0,62361939	0,775513652	less
3,402736171	0,567122695	0,862442189	109,8579776	18,30966293	52,60897351	2,428013507	0,404668918	0,450118738	1,627936506	0,271322751	0,669259145	less
3,402736171	0,567122695	0,862442189	109,8579776	18,30966293	52,60897351	2,428013507	0,404668918	0,450118738	1,627936506	0,271322751	0,669259145	less
2,76496002	0,691240005	0,862442189	114,441148	28,61028701	52,60897351	1,704892134	0,426223034	0,600973876	1,671628104	0,417907026	0,669259145	less
2,134545298	0,711515099	0,862442189	62,15910276	20,71970092	52,60897351	1,621090562	0,540363521	0,687807205	1,761614637	0,587204879	0,775513652	less
