efficiencySum	efficiencyAvg	efficiencyMax	effectiveSizeSum	effectiveSizeAvg	effectiveSizeMax	constraintSum	constraintAvg	constraintMax	hierarchySum	hierarchyAvg	hierarchyMax	class
7,817342555	0,710667505	0,930754068	439,3702091	39,94274628	139,4533299	4,648485781	0,422589616	0,830572789	5,254067609	0,47764251	0,767532222	strong
1,556364458	0,778182229	0,930754068	14,99932632	7,49966316	13,13781818	1,088613834	0,544306917	0,830572789	1,011928086	0,505964043	0,607431765	strong
7,257731323	0,659793757	1	393,1639833	35,7421803	139,4533299	5,702972537	0,518452049	1	5,524810597	0,502255509	1	strong
12,06008346	0,502503478	0,882616012	442,5463118	18,43942966	139,4533299	11,44989962	0,477079151	0,89525902	8,151996195	0,339666508	0,767532222	strong
4,883774721	0,542641636	0,882616012	266,1195924	29,5688436	139,4533299	5,201280193	0,577920021	0,89525902	3,437672603	0,381963623	0,767532222	strong
2,537829237	0,634457309	0,882616012	223,4779751	55,86949378	139,4533299	2,735939672	0,683984918	0,89525902	2,205030533	0,551257633	0,767532222	strong
4,407275315	0,629610759	0,882616012	360,0356009	51,43365728	139,4533299	3,044624159	0,434946308	0,747462791	2,945854753	0,420836393	0,767532222	strong
1,556364458	0,778182229	0,930754068	14,99932632	7,49966316	13,13781818	1,088613834	0,544306917	0,830572789	1,011928086	0,505964043	0,607431765	strong
3,540939357	0,708187871	0,832106195	253,842882	50,76857639	110,6701239	1,979745167	0,395949033	0,747462791	2,345725659	0,469145132	0,767532222	strong
10,69189799	0,562731473	0,882616012	426,2612474	22,4348025	139,4533299	9,647097621	0,50774198	0,89525902	7,055961292	0,371366384	0,767532222	strong
5,577214578	0,697151822	0,882616012	387,880199	48,48502488	139,4533299	3,367984014	0,420998002	0,747462791	4,086016976	0,510752122	0,767532222	strong
1,556364458	0,778182229	0,930754068	14,99932632	7,49966316	13,13781818	1,088613834	0,544306917	0,830572789	1,011928086	0,505964043	0,607431765	strong
2,566384031	0,641596008	0,882616012	223,1482697	55,78706742	139,4533299	2,702911018	0,675727755	0,89525902	1,888640895	0,472160224	0,767532222	strong
1,556364458	0,778182229	0,930754068	14,99932632	7,49966316	13,13781818	1,088613834	0,544306917	0,830572789	1,011928086	0,505964043	0,607431765	strong
4,468404869	0,558550609	0,882616012	264,458113	33,05726412	139,4533299	4,499603568	0,562450446	0,89525902	3,119200146	0,389900018	0,767532222	strong
5,577214578	0,697151822	0,882616012	387,880199	48,48502488	139,4533299	3,367984014	0,420998002	0,747462791	4,086016976	0,510752122	0,767532222	strong
5,376700559	0,67208757	0,882616012	402,819082	50,35238526	139,4533299	3,101607447	0,387700931	0,747462791	3,727554834	0,465944354	0,767532222	strong
4,046075171	0,578010739	0,882616012	192,1133471	27,44476386	139,4533299	3,083032551	0,440433222	0,648600178	3,122230798	0,446032971	0,69295027	strong
6,675691867	0,606881079	0,882616012	419,2655417	38,11504924	139,4533299	4,396403739	0,399673067	0,747462791	4,694997956	0,426817996	0,767532222	strong
5,141699191	0,642712399	0,882616012	386,2612976	48,2826622	139,4533299	4,05878948	0,507348685	0,89525902	3,728292608	0,466036576	0,767532222	strong
1,508226402	0,754113201	0,882616012	152,5911481	76,29557404	139,4533299	0,649582281	0,324791141	0,391541236	1,097446591	0,548723296	0,69295027	strong
2,566384031	0,641596008	0,882616012	223,1482697	55,78706742	139,4533299	2,702911018	0,675727755	0,89525902	1,888640895	0,472160224	0,767532222	strong
1,556364458	0,778182229	0,930754068	14,99932632	7,49966316	13,13781818	1,088613834	0,544306917	0,830572789	1,011928086	0,505964043	0,607431765	strong
9,108394041	0,569274628	0,930754068	388,2574023	24,26608764	139,4533299	8,323726476	0,520232905	0,830572789	7,169762417	0,448110151	0,767532222	strong
6,675691867	0,606881079	0,882616012	419,2655417	38,11504924	139,4533299	4,396403739	0,399673067	0,747462791	4,694997956	0,426817996	0,767532222	strong
2,566384031	0,641596008	0,882616012	223,1482697	55,78706742	139,4533299	2,702911018	0,675727755	0,89525902	1,888640895	0,472160224	0,767532222	strong
5,283981568	0,660497696	0,882616012	397,1269951	49,64087439	139,4533299	3,935193394	0,491899174	0,89525902	3,466834332	0,433354291	0,767532222	strong
6,675691867	0,606881079	0,882616012	419,2655417	38,11504924	139,4533299	4,396403739	0,399673067	0,747462791	4,694997956	0,426817996	0,767532222	strong
6,437640778	0,643764078	0,882616012	391,7109823	39,17109823	139,4533299	4,931891005	0,4931891	0,89525902	4,514175378	0,451417538	0,767532222	strong
3,222298229	0,644459646	0,82334182	138,6394286	27,72788572	79,8641565	2,283347122	0,456669424	0,747462791	2,276652666	0,455330533	0,767532222	strong
5,623104344	0,624789372	0,882616012	388,1441617	43,12712908	139,4533299	4,50797449	0,500886054	0,89525902	3,655141599	0,406126844	0,767532222	strong
6,840346026	0,684034603	0,930754068	412,1263214	41,21263214	139,4533299	5,023807229	0,502380723	0,89525902	4,478762418	0,447876242	0,767532222	strong
5,376700559	0,67208757	0,882616012	402,819082	50,35238526	139,4533299	3,101607447	0,387700931	0,747462791	3,727554834	0,465944354	0,767532222	strong
5,376700559	0,67208757	0,882616012	402,819082	50,35238526	139,4533299	3,101607447	0,387700931	0,747462791	3,727554834	0,465944354	0,767532222	strong
2,566384031	0,641596008	0,882616012	223,1482697	55,78706742	139,4533299	2,702911018	0,675727755	0,89525902	1,888640895	0,472160224	0,767532222	strong
11,19965726	0,50907533	0,882616012	438,7155285	19,94161493	139,4533299	9,885992626	0,449363301	0,812603627	7,723837793	0,351083536	0,767532222	strong
2,566384031	0,641596008	0,882616012	223,1482697	55,78706742	139,4533299	2,702911018	0,675727755	0,89525902	1,888640895	0,472160224	0,767532222	strong
3,540939357	0,708187871	0,832106195	253,842882	50,76857639	110,6701239	1,979745167	0,395949033	0,747462791	2,345725659	0,469145132	0,767532222	strong
3,222298229	0,644459646	0,82334182	138,6394286	27,72788572	79,8641565	2,283347122	0,456669424	0,747462791	2,276652666	0,455330533	0,767532222	strong
2,566384031	0,641596008	0,882616012	223,1482697	55,78706742	139,4533299	2,702911018	0,675727755	0,89525902	1,888640895	0,472160224	0,767532222	strong
3,222298229	0,644459646	0,82334182	138,6394286	27,72788572	79,8641565	2,283347122	0,456669424	0,747462791	2,276652666	0,455330533	0,767532222	strong
4,199318419	0,699886403	1	241,8704325	40,31173875	139,4533299	3,950467247	0,658411208	1	3,360850196	0,560141699	1	strong
3,656612498	0,7313225	0,882616012	365,1718218	73,03436437	139,4533299	2,193414692	0,438682938	0,747462791	2,663778194	0,532755639	0,767532222	strong
2,566384031	0,641596008	0,882616012	223,1482697	55,78706742	139,4533299	2,702911018	0,675727755	0,89525902	1,888640895	0,472160224	0,767532222	strong
11,19965726	0,50907533	0,882616012	438,7155285	19,94161493	139,4533299	9,885992626	0,449363301	0,812603627	7,723837793	0,351083536	0,767532222	strong
5,532393304	0,691549163	1	244,5365823	30,56707278	139,4533299	5,753035965	0,719129496	1	4,283100256	0,535387532	1	strong
6,823446223	0,524880479	0,882616012	294,5321211	22,65631701	139,4533299	5,916163264	0,455089482	0,812603627	4,969846495	0,382295884	0,69295027	strong
6,878748448	0,625340768	0,882616012	428,3480753	38,94073411	139,4533299	5,291966804	0,481087891	0,89525902	4,725019516	0,429547229	0,767532222	strong
4,685674059	0,669382008	0,832106195	268,0554854	38,29364077	110,6701239	2,652712496	0,378958928	0,747462791	3,290211176	0,470030168	0,767532222	strong
4,517038698	0,645291243	0,882616012	369,0026051	52,71465787	139,4533299	3,757321683	0,53676024	0,89525902	3,091936596	0,441705228	0,767532222	strong
3,457931172	0,691586234	0,882616012	302,5663578	60,51327157	139,4533299	1,747419699	0,34948394	0,432421797	2,532601983	0,506520397	0,69295027	strong
3,222298229	0,644459646	0,82334182	138,6394286	27,72788572	79,8641565	2,283347122	0,456669424	0,747462791	2,276652666	0,455330533	0,767532222	strong
3,222298229	0,644459646	0,82334182	138,6394286	27,72788572	79,8641565	2,283347122	0,456669424	0,747462791	2,276652666	0,455330533	0,767532222	strong
3,222298229	0,644459646	0,82334182	138,6394286	27,72788572	79,8641565	2,283347122	0,456669424	0,747462791	2,276652666	0,455330533	0,767532222	strong
2,566384031	0,641596008	0,882616012	223,1482697	55,78706742	139,4533299	2,702911018	0,675727755	0,89525902	1,888640895	0,472160224	0,767532222	strong
2,650957704	0,662739426	0,882616012	254,9934718	63,74836794	139,4533299	1,474424908	0,368606227	0,483406182	1,57168364	0,39292091	0,69295027	strong
12,13589276	0,505662198	0,882616012	443,5855465	18,4827311	139,4533299	10,6435936	0,443483066	0,812603627	7,994980558	0,33312419	0,767532222	strong
9,125831568	0,608388771	0,882616012	449,1875872	29,94583915	139,4533299	5,993748943	0,399583263	0,747462791	6,01180173	0,400786782	0,767532222	strong
7,012303495	0,584358625	0,882616012	328,3112544	27,3592712	139,4533299	5,193556076	0,43279634	0,648600178	4,559114482	0,379926207	0,69295027	strong
4,468404869	0,558550609	0,882616012	264,458113	33,05726412	139,4533299	4,499603568	0,562450446	0,89525902	3,119200146	0,389900018	0,767532222	strong
4,407275315	0,629610759	0,882616012	360,0356009	51,43365728	139,4533299	3,044624159	0,434946308	0,747462791	2,945854753	0,420836393	0,767532222	strong
4,046075171	0,578010739	0,882616012	192,1133471	27,44476386	139,4533299	3,083032551	0,440433222	0,648600178	3,122230798	0,446032971	0,69295027	strong
5,356085441	0,535608544	0,882616012	352,1392303	35,21392303	139,4533299	3,898758161	0,389875816	0,435323922	3,93901568	0,393901568	0,69295027	strong
5,532393304	0,691549163	1	244,5365823	30,56707278	139,4533299	5,753035965	0,719129496	1	4,283100256	0,535387532	1	strong
7,121404296	0,647400391	0,882616012	428,201666	38,92742418	139,4533299	5,123778938	0,465798085	0,89525902	4,670297926	0,424572539	0,767532222	strong
3,222298229	0,644459646	0,82334182	138,6394286	27,72788572	79,8641565	2,283347122	0,456669424	0,747462791	2,276652666	0,455330533	0,767532222	strong
2,566384031	0,641596008	0,882616012	223,1482697	55,78706742	139,4533299	2,702911018	0,675727755	0,89525902	1,888640895	0,472160224	0,767532222	less
3,222298229	0,644459646	0,82334182	138,6394286	27,72788572	79,8641565	2,283347122	0,456669424	0,747462791	2,276652666	0,455330533	0,767532222	less
6,695825005	0,608711364	0,882616012	402,405439	36,58231264	139,4533299	5,300783878	0,481889443	0,89525902	4,700491065	0,42731737	0,767532222	less
3,222298229	0,644459646	0,82334182	138,6394286	27,72788572	79,8641565	2,283347122	0,456669424	0,747462791	2,276652666	0,455330533	0,767532222	less
7,012303495	0,584358625	0,882616012	328,3112544	27,3592712	139,4533299	5,193556076	0,43279634	0,648600178	4,559114482	0,379926207	0,69295027	less
5,141699191	0,642712399	0,882616012	386,2612976	48,2826622	139,4533299	4,05878948	0,507348685	0,89525902	3,728292608	0,466036576	0,767532222	less
3,222298229	0,644459646	0,82334182	138,6394286	27,72788572	79,8641565	2,283347122	0,456669424	0,747462791	2,276652666	0,455330533	0,767532222	less
2,574735612	0,643683903	0,882616012	223,6312049	55,90780123	139,4533299	2,479906887	0,619976722	0,747462791	2,314045465	0,578511366	0,767532222	less
5,979919827	0,747489978	0,930754068	408,2955382	51,03694227	139,4533299	3,459900238	0,43248753	0,830572789	4,050604015	0,506325502	0,767532222	less
2,537829237	0,634457309	0,882616012	223,4779751	55,86949378	139,4533299	2,735939672	0,683984918	0,89525902	2,205030533	0,551257633	0,767532222	less
12,13589276	0,505662198	0,882616012	443,5855465	18,4827311	139,4533299	10,6435936	0,443483066	0,812603627	7,994980558	0,33312419	0,767532222	less
4,046075171	0,578010739	0,882616012	192,1133471	27,44476386	139,4533299	3,083032551	0,440433222	0,648600178	3,122230798	0,446032971	0,69295027	less
3,222298229	0,644459646	0,82334182	138,6394286	27,72788572	79,8641565	2,283347122	0,456669424	0,747462791	2,276652666	0,455330533	0,767532222	less
5,356085441	0,535608544	0,882616012	352,1392303	35,21392303	139,4533299	3,898758161	0,389875816	0,435323922	3,93901568	0,393901568	0,69295027	less
5,356085441	0,535608544	0,882616012	352,1392303	35,21392303	139,4533299	3,898758161	0,389875816	0,435323922	3,93901568	0,393901568	0,69295027	less
7,03985346	0,541527189	0,882616012	435,83417	33,52570539	139,4533299	6,210127943	0,477702149	0,89525902	5,134706305	0,394977408	0,767532222	less
5,356085441	0,535608544	0,882616012	352,1392303	35,21392303	139,4533299	3,898758161	0,389875816	0,435323922	3,93901568	0,393901568	0,69295027	less
7,012303495	0,584358625	0,882616012	328,3112544	27,3592712	139,4533299	5,193556076	0,43279634	0,648600178	4,559114482	0,379926207	0,69295027	less
3,375536075	0,675107215	0,832106195	228,1815406	45,63630813	110,6701239	1,980938248	0,39618765	0,747462791	2,438899467	0,487779893	0,767532222	less
3,656612498	0,7313225	0,882616012	365,1718218	73,03436437	139,4533299	2,193414692	0,438682938	0,747462791	2,663778194	0,532755639	0,767532222	less
5,856085441	0,532371404	0,882616012	353,1392303	32,10356639	139,4533299	4,520860018	0,410987274	0,622101857	4,181681834	0,380152894	0,69295027	less
4,407275315	0,629610759	0,882616012	360,0356009	51,43365728	139,4533299	3,044624159	0,434946308	0,747462791	2,945854753	0,420836393	0,767532222	less
3,222298229	0,644459646	0,82334182	138,6394286	27,72788572	79,8641565	2,283347122	0,456669424	0,747462791	2,276652666	0,455330533	0,767532222	less
3,222298229	0,644459646	0,82334182	138,6394286	27,72788572	79,8641565	2,283347122	0,456669424	0,747462791	2,276652666	0,455330533	0,767532222	less
2,566384031	0,641596008	0,882616012	223,1482697	55,78706742	139,4533299	2,702911018	0,675727755	0,89525902	1,888640895	0,472160224	0,767532222	less
3,375536075	0,675107215	0,832106195	228,1815406	45,63630813	110,6701239	1,980938248	0,39618765	0,747462791	2,438899467	0,487779893	0,767532222	less
2,566384031	0,641596008	0,882616012	223,1482697	55,78706742	139,4533299	2,702911018	0,675727755	0,89525902	1,888640895	0,472160224	0,767532222	less
5,724639007	0,636071001	0,882616012	359,2932143	39,92146826	139,4533299	5,007192743	0,556354749	0,89525902	3,932926554	0,436991839	0,767532222	less
3,222298229	0,644459646	0,82334182	138,6394286	27,72788572	79,8641565	2,283347122	0,456669424	0,747462791	2,276652666	0,455330533	0,767532222	less
3,222298229	0,644459646	0,82334182	138,6394286	27,72788572	79,8641565	2,283347122	0,456669424	0,747462791	2,276652666	0,455330533	0,767532222	less
2,566384031	0,641596008	0,882616012	223,1482697	55,78706742	139,4533299	2,702911018	0,675727755	0,89525902	1,888640895	0,472160224	0,767532222	less
3,222298229	0,644459646	0,82334182	138,6394286	27,72788572	79,8641565	2,283347122	0,456669424	0,747462791	2,276652666	0,455330533	0,767532222	less
2,633891269	0,658472817	0,796468541	59,74753837	14,93688459	28,67286747	1,412279643	0,353069911	0,474264067	1,542191588	0,385547897	0,490696386	less
2,566384031	0,641596008	0,882616012	223,1482697	55,78706742	139,4533299	2,702911018	0,675727755	0,89525902	1,888640895	0,472160224	0,767532222	less
5,603877604	0,7004847	1	340,360949	42,54511863	139,4533299	5,190536054	0,648817007	1	4,452837164	0,556604646	1	less
3,066384031	0,613276806	0,882616012	224,1482697	44,82965393	139,4533299	3,427383071	0,685476614	0,89525902	1,918029066	0,383605813	0,767532222	less
3,222298229	0,644459646	0,82334182	138,6394286	27,72788572	79,8641565	2,283347122	0,456669424	0,747462791	2,276652666	0,455330533	0,767532222	less
3,222298229	0,644459646	0,82334182	138,6394286	27,72788572	79,8641565	2,283347122	0,456669424	0,747462791	2,276652666	0,455330533	0,767532222	less
2,047434869	0,68247829	0,882616012	222,0493027	74,01643424	139,4533299	1,757490645	0,585830215	0,747462791	2,11765837	0,705886123	0,767532222	less
7,012303495	0,584358625	0,882616012	328,3112544	27,3592712	139,4533299	5,193556076	0,43279634	0,648600178	4,559114482	0,379926207	0,69295027	less
2,566384031	0,641596008	0,882616012	223,1482697	55,78706742	139,4533299	2,702911018	0,675727755	0,89525902	1,888640895	0,472160224	0,767532222	less
2,566384031	0,641596008	0,882616012	223,1482697	55,78706742	139,4533299	2,702911018	0,675727755	0,89525902	1,888640895	0,472160224	0,767532222	less
3,375536075	0,675107215	0,832106195	228,1815406	45,63630813	110,6701239	1,980938248	0,39618765	0,747462791	2,438899467	0,487779893	0,767532222	less
5,356085441	0,535608544	0,882616012	352,1392303	35,21392303	139,4533299	3,898758161	0,389875816	0,435323922	3,93901568	0,393901568	0,69295027	less
3,222298229	0,644459646	0,82334182	138,6394286	27,72788572	79,8641565	2,283347122	0,456669424	0,747462791	2,276652666	0,455330533	0,767532222	less
11,19965726	0,50907533	0,882616012	438,7155285	19,94161493	139,4533299	9,885992626	0,449363301	0,812603627	7,723837793	0,351083536	0,767532222	less
3,222298229	0,644459646	0,82334182	138,6394286	27,72788572	79,8641565	2,283347122	0,456669424	0,747462791	2,276652666	0,455330533	0,767532222	less
3,222298229	0,644459646	0,82334182	138,6394286	27,72788572	79,8641565	2,283347122	0,456669424	0,747462791	2,276652666	0,455330533	0,767532222	less
3,222298229	0,644459646	0,82334182	138,6394286	27,72788572	79,8641565	2,283347122	0,456669424	0,747462791	2,276652666	0,455330533	0,767532222	less
7,03985346	0,541527189	0,882616012	435,83417	33,52570539	139,4533299	6,210127943	0,477702149	0,89525902	5,134706305	0,394977408	0,767532222	less
2,566384031	0,641596008	0,882616012	223,1482697	55,78706742	139,4533299	2,702911018	0,675727755	0,89525902	1,888640895	0,472160224	0,767532222	less
3,871621485	0,645270248	0,882616012	335,2377874	55,87296456	139,4533299	3,531290298	0,588548383	0,89525902	2,587227201	0,431204534	0,767532222	less
2,566384031	0,641596008	0,882616012	223,1482697	55,78706742	139,4533299	2,702911018	0,675727755	0,89525902	1,888640895	0,472160224	0,767532222	less
9,266160169	0,545068245	0,882616012	476,4575969	28,02691746	139,4533299	7,637350531	0,449255914	0,89525902	6,691076101	0,393592712	0,767532222	less
2,566384031	0,641596008	0,882616012	223,1482697	55,78706742	139,4533299	2,702911018	0,675727755	0,89525902	1,888640895	0,472160224	0,767532222	less
7,03985346	0,541527189	0,882616012	435,83417	33,52570539	139,4533299	6,210127943	0,477702149	0,89525902	5,134706305	0,394977408	0,767532222	less
3,222298229	0,644459646	0,82334182	138,6394286	27,72788572	79,8641565	2,283347122	0,456669424	0,747462791	2,276652666	0,455330533	0,767532222	less
1,882616012	0,941308006	1	140,4533299	70,22666495	139,4533299	1,391541236	0,695770618	1	1,69295027	0,846475135	1	less
2,566384031	0,641596008	0,882616012	223,1482697	55,78706742	139,4533299	2,702911018	0,675727755	0,89525902	1,888640895	0,472160224	0,767532222	less
3,175437368	0,635087474	0,882616012	230,4569097	46,09138194	139,4533299	3,162131407	0,632426281	0,89525902	2,309139681	0,461827936	0,767532222	less
3,222298229	0,644459646	0,82334182	138,6394286	27,72788572	79,8641565	2,283347122	0,456669424	0,747462791	2,276652666	0,455330533	0,767532222	less
7,03985346	0,541527189	0,882616012	435,83417	33,52570539	139,4533299	6,210127943	0,477702149	0,89525902	5,134706305	0,394977408	0,767532222	less
7,164110091	0,511722149	0,882616012	396,0769304	28,29120931	139,4533299	5,879770261	0,41998359	0,747462791	5,793153875	0,413796705	0,767532222	less
5,848820127	0,649868903	0,882616012	405,4795707	45,05328564	139,4533299	3,631301158	0,403477906	0,747462791	3,777995714	0,419777302	0,767532222	less
10,03400827	0,590235781	0,882616012	458,3830326	26,9637078	139,4533299	6,870878439	0,40416932	0,747462791	6,79229389	0,399546699	0,767532222	less
4,046075171	0,578010739	0,882616012	192,1133471	27,44476386	139,4533299	3,083032551	0,440433222	0,648600178	3,122230798	0,446032971	0,69295027	less
4,407275315	0,629610759	0,882616012	360,0356009	51,43365728	139,4533299	3,044624159	0,434946308	0,747462791	2,945854753	0,420836393	0,767532222	less
1,508226402	0,754113201	0,882616012	152,5911481	76,29557404	139,4533299	0,649582281	0,324791141	0,391541236	1,097446591	0,548723296	0,69295027	less
2,318427026	0,772809009	0,882616012	226,0546475	75,35154918	139,4533299	1,538606239	0,512868746	0,747462791	1,849784929	0,616594976	0,767532222	less
7,164110091	0,511722149	0,882616012	396,0769304	28,29120931	139,4533299	5,879770261	0,41998359	0,747462791	5,793153875	0,413796705	0,767532222	less
12,13589276	0,505662198	0,882616012	443,5855465	18,4827311	139,4533299	10,6435936	0,443483066	0,812603627	7,994980558	0,33312419	0,767532222	less
11,19965726	0,50907533	0,882616012	438,7155285	19,94161493	139,4533299	9,885992626	0,449363301	0,812603627	7,723837793	0,351083536	0,767532222	less
3,871621485	0,645270248	0,882616012	335,2377874	55,87296456	139,4533299	3,531290298	0,588548383	0,89525902	2,587227201	0,431204534	0,767532222	less
3,222298229	0,644459646	0,82334182	138,6394286	27,72788572	79,8641565	2,283347122	0,456669424	0,747462791	2,276652666	0,455330533	0,767532222	less
2,047434869	0,68247829	0,882616012	222,0493027	74,01643424	139,4533299	1,757490645	0,585830215	0,747462791	2,11765837	0,705886123	0,767532222	less
7,03985346	0,541527189	0,882616012	435,83417	33,52570539	139,4533299	6,210127943	0,477702149	0,89525902	5,134706305	0,394977408	0,767532222	less
2,566384031	0,641596008	0,882616012	223,1482697	55,78706742	139,4533299	2,702911018	0,675727755	0,89525902	1,888640895	0,472160224	0,767532222	less
3,222298229	0,644459646	0,82334182	138,6394286	27,72788572	79,8641565	2,283347122	0,456669424	0,747462791	2,276652666	0,455330533	0,767532222	less
1,632934387	0,816467194	1	18,72216284	9,361081422	17,72216284	1,247556229	0,623778115	1	1,472209301	0,73610465	1	less
2,566384031	0,641596008	0,882616012	223,1482697	55,78706742	139,4533299	2,702911018	0,675727755	0,89525902	1,888640895	0,472160224	0,767532222	less
3,222298229	0,644459646	0,82334182	138,6394286	27,72788572	79,8641565	2,283347122	0,456669424	0,747462791	2,276652666	0,455330533	0,767532222	less
3,222298229	0,644459646	0,82334182	138,6394286	27,72788572	79,8641565	2,283347122	0,456669424	0,747462791	2,276652666	0,455330533	0,767532222	less
5,404919453	0,600546606	0,882616012	370,4563681	41,16181868	139,4533299	3,658170045	0,406463338	0,747462791	3,493062229	0,388118025	0,767532222	less
2,566384031	0,641596008	0,882616012	223,1482697	55,78706742	139,4533299	2,702911018	0,675727755	0,89525902	1,888640895	0,472160224	0,767532222	less
3,222298229	0,644459646	0,82334182	138,6394286	27,72788572	79,8641565	2,283347122	0,456669424	0,747462791	2,276652666	0,455330533	0,767532222	less
3,222298229	0,644459646	0,82334182	138,6394286	27,72788572	79,8641565	2,283347122	0,456669424	0,747462791	2,276652666	0,455330533	0,767532222	less
3,222298229	0,644459646	0,82334182	138,6394286	27,72788572	79,8641565	2,283347122	0,456669424	0,747462791	2,276652666	0,455330533	0,767532222	less
3,222298229	0,644459646	0,82334182	138,6394286	27,72788572	79,8641565	2,283347122	0,456669424	0,747462791	2,276652666	0,455330533	0,767532222	less
3,222298229	0,644459646	0,82334182	138,6394286	27,72788572	79,8641565	2,283347122	0,456669424	0,747462791	2,276652666	0,455330533	0,767532222	less
3,222298229	0,644459646	0,82334182	138,6394286	27,72788572	79,8641565	2,283347122	0,456669424	0,747462791	2,276652666	0,455330533	0,767532222	less
5,356085441	0,535608544	0,882616012	352,1392303	35,21392303	139,4533299	3,898758161	0,389875816	0,435323922	3,93901568	0,393901568	0,69295027	less
11,19965726	0,50907533	0,882616012	438,7155285	19,94161493	139,4533299	9,885992626	0,449363301	0,812603627	7,723837793	0,351083536	0,767532222	less
4,51953893	0,645648419	0,882616012	358,4341197	51,20487425	139,4533299	3,837346754	0,548192393	0,89525902	3,297430658	0,471061523	0,767532222	less
10,48165572	0,551666091	0,882616012	386,5231608	20,34332425	139,4533299	10,56689771	0,556152511	0,89525902	7,400556887	0,389502994	0,767532222	less
4,199318419	0,699886403	1	241,8704325	40,31173875	139,4533299	3,950467247	0,658411208	1	3,360850196	0,560141699	1	less
7,012303495	0,584358625	0,882616012	328,3112544	27,3592712	139,4533299	5,193556076	0,43279634	0,648600178	4,559114482	0,379926207	0,69295027	less
3,222298229	0,644459646	0,82334182	138,6394286	27,72788572	79,8641565	2,283347122	0,456669424	0,747462791	2,276652666	0,455330533	0,767532222	less
3,222298229	0,644459646	0,82334182	138,6394286	27,72788572	79,8641565	2,283347122	0,456669424	0,747462791	2,276652666	0,455330533	0,767532222	less
2,566384031	0,641596008	0,882616012	223,1482697	55,78706742	139,4533299	2,702911018	0,675727755	0,89525902	1,888640895	0,472160224	0,767532222	less
1,448952209	0,724476105	0,82334182	93,00197469	46,50098734	79,8641565	1,005503836	0,502751918	0,747462791	1,172028543	0,586014272	0,767532222	less
2,566384031	0,641596008	0,882616012	223,1482697	55,78706742	139,4533299	2,702911018	0,675727755	0,89525902	1,888640895	0,472160224	0,767532222	less
2,882616012	0,960872004	1	141,4533299	47,15110997	139,4533299	2,391541236	0,797180412	1	2,69295027	0,89765009	1	less
11,19965726	0,50907533	0,882616012	438,7155285	19,94161493	139,4533299	9,885992626	0,449363301	0,812603627	7,723837793	0,351083536	0,767532222	less
2,537829237	0,634457309	0,882616012	223,4779751	55,86949378	139,4533299	2,735939672	0,683984918	0,89525902	2,205030533	0,551257633	0,767532222	less
5,141699191	0,642712399	0,882616012	386,2612976	48,2826622	139,4533299	4,05878948	0,507348685	0,89525902	3,728292608	0,466036576	0,767532222	less
2,566384031	0,641596008	0,882616012	223,1482697	55,78706742	139,4533299	2,702911018	0,675727755	0,89525902	1,888640895	0,472160224	0,767532222	less
5,603877604	0,7004847	1	340,360949	42,54511863	139,4533299	5,190536054	0,648817007	1	4,452837164	0,556604646	1	less
2,633891269	0,658472817	0,796468541	59,74753837	14,93688459	28,67286747	1,412279643	0,353069911	0,474264067	1,542191588	0,385547897	0,490696386	less
3,222298229	0,644459646	0,82334182	138,6394286	27,72788572	79,8641565	2,283347122	0,456669424	0,747462791	2,276652666	0,455330533	0,767532222	less
3,170763624	0,634152725	0,882616012	241,200138	48,2400276	139,4533299	2,983495901	0,59669918	0,89525902	2,677239834	0,535447967	0,767532222	less
2,566384031	0,641596008	0,882616012	223,1482697	55,78706742	139,4533299	2,702911018	0,675727755	0,89525902	1,888640895	0,472160224	0,767532222	less
3,222298229	0,644459646	0,82334182	138,6394286	27,72788572	79,8641565	2,283347122	0,456669424	0,747462791	2,276652666	0,455330533	0,767532222	less
3,222298229	0,644459646	0,82334182	138,6394286	27,72788572	79,8641565	2,283347122	0,456669424	0,747462791	2,276652666	0,455330533	0,767532222	less
7,11302574	0,547155826	0,882616012	371,1361524	28,5489348	139,4533299	6,367725611	0,489825047	0,812603627	5,736135251	0,441241173	0,767532222	less
2,566384031	0,641596008	0,882616012	223,1482697	55,78706742	139,4533299	2,702911018	0,675727755	0,89525902	1,888640895	0,472160224	0,767532222	less
5,356085441	0,535608544	0,882616012	352,1392303	35,21392303	139,4533299	3,898758161	0,389875816	0,435323922	3,93901568	0,393901568	0,69295027	less
4,397184721	0,73286412	0,882616012	360,5952417	60,09920695	139,4533299	2,543948671	0,423991445	0,747462791	2,942905204	0,490484201	0,767532222	less
3,222298229	0,644459646	0,82334182	138,6394286	27,72788572	79,8641565	2,283347122	0,456669424	0,747462791	2,276652666	0,455330533	0,767532222	less
2,566384031	0,641596008	0,882616012	223,1482697	55,78706742	139,4533299	2,702911018	0,675727755	0,89525902	1,888640895	0,472160224	0,767532222	less
3,222298229	0,644459646	0,82334182	138,6394286	27,72788572	79,8641565	2,283347122	0,456669424	0,747462791	2,276652666	0,455330533	0,767532222	less
2,566384031	0,641596008	0,882616012	223,1482697	55,78706742	139,4533299	2,702911018	0,675727755	0,89525902	1,888640895	0,472160224	0,767532222	less
3,222298229	0,644459646	0,82334182	138,6394286	27,72788572	79,8641565	2,283347122	0,456669424	0,747462791	2,276652666	0,455330533	0,767532222	less
2,566384031	0,641596008	0,882616012	223,1482697	55,78706742	139,4533299	2,702911018	0,675727755	0,89525902	1,888640895	0,472160224	0,767532222	less
4,046075171	0,578010739	0,882616012	192,1133471	27,44476386	139,4533299	3,083032551	0,440433222	0,648600178	3,122230798	0,446032971	0,69295027	less
3,222298229	0,644459646	0,82334182	138,6394286	27,72788572	79,8641565	2,283347122	0,456669424	0,747462791	2,276652666	0,455330533	0,767532222	less
6,265314699	0,569574064	0,882616012	394,0789274	35,82535704	139,4533299	5,260231764	0,478202888	0,89525902	4,122471448	0,374770132	0,767532222	less
2,566384031	0,641596008	0,882616012	223,1482697	55,78706742	139,4533299	2,702911018	0,675727755	0,89525902	1,888640895	0,472160224	0,767532222	less
4,471556983	0,496839665	0,882616012	286,1647833	31,79608703	139,4533299	3,55197004	0,394663338	0,518785668	4,147839996	0,460871111	0,69295027	less
3,222298229	0,644459646	0,82334182	138,6394286	27,72788572	79,8641565	2,283347122	0,456669424	0,747462791	2,276652666	0,455330533	0,767532222	less
2,566384031	0,641596008	0,882616012	223,1482697	55,78706742	139,4533299	2,702911018	0,675727755	0,89525902	1,888640895	0,472160224	0,767532222	less
5,356085441	0,535608544	0,882616012	352,1392303	35,21392303	139,4533299	3,898758161	0,389875816	0,435323922	3,93901568	0,393901568	0,69295027	less
3,222298229	0,644459646	0,82334182	138,6394286	27,72788572	79,8641565	2,283347122	0,456669424	0,747462791	2,276652666	0,455330533	0,767532222	less
3,656612498	0,7313225	0,882616012	365,1718218	73,03436437	139,4533299	2,193414692	0,438682938	0,747462791	2,663778194	0,532755639	0,767532222	less
3,222298229	0,644459646	0,82334182	138,6394286	27,72788572	79,8641565	2,283347122	0,456669424	0,747462791	2,276652666	0,455330533	0,767532222	less
3,222298229	0,644459646	0,82334182	138,6394286	27,72788572	79,8641565	2,283347122	0,456669424	0,747462791	2,276652666	0,455330533	0,767532222	less
3,222298229	0,644459646	0,82334182	138,6394286	27,72788572	79,8641565	2,283347122	0,456669424	0,747462791	2,276652666	0,455330533	0,767532222	less
2,566384031	0,641596008	0,882616012	223,1482697	55,78706742	139,4533299	2,702911018	0,675727755	0,89525902	1,888640895	0,472160224	0,767532222	less
5,939895766	0,659988418	0,832106195	312,618154	34,73535045	110,6701239	3,515629498	0,3906255	0,747462791	3,854846103	0,428316234	0,767532222	less
3,851469537	0,770293907	0,882616012	369,9494382	73,98988765	139,4533299	2,049698996	0,409939799	0,747462791	2,910474258	0,582094852	0,767532222	less
4,046075171	0,578010739	0,882616012	192,1133471	27,44476386	139,4533299	3,083032551	0,440433222	0,648600178	3,122230798	0,446032971	0,69295027	less
3,222298229	0,644459646	0,82334182	138,6394286	27,72788572	79,8641565	2,283347122	0,456669424	0,747462791	2,276652666	0,455330533	0,767532222	less
7,03985346	0,541527189	0,882616012	435,83417	33,52570539	139,4533299	6,210127943	0,477702149	0,89525902	5,134706305	0,394977408	0,767532222	less
4,517038698	0,645291243	0,882616012	369,0026051	52,71465787	139,4533299	3,757321683	0,53676024	0,89525902	3,091936596	0,441705228	0,767532222	less
2,780457508	0,695114377	0,930754068	157,1844725	39,29611813	139,4533299	2,098641689	0,524660422	0,830572789	2,362054233	0,590513558	0,69295027	less
2,566384031	0,641596008	0,882616012	223,1482697	55,78706742	139,4533299	2,702911018	0,675727755	0,89525902	1,888640895	0,472160224	0,767532222	less
3,222298229	0,644459646	0,82334182	138,6394286	27,72788572	79,8641565	2,283347122	0,456669424	0,747462791	2,276652666	0,455330533	0,767532222	less
2,566384031	0,641596008	0,882616012	223,1482697	55,78706742	139,4533299	2,702911018	0,675727755	0,89525902	1,888640895	0,472160224	0,767532222	less
2,566384031	0,641596008	0,882616012	223,1482697	55,78706742	139,4533299	2,702911018	0,675727755	0,89525902	1,888640895	0,472160224	0,767532222	less
3,222298229	0,644459646	0,82334182	138,6394286	27,72788572	79,8641565	2,283347122	0,456669424	0,747462791	2,276652666	0,455330533	0,767532222	less
2,566384031	0,641596008	0,882616012	223,1482697	55,78706742	139,4533299	2,702911018	0,675727755	0,89525902	1,888640895	0,472160224	0,767532222	less
4,294338235	0,715723039	0,882616012	312,7241461	52,12069101	139,4533299	1,916884472	0,319480745	0,391541236	2,871718234	0,478619706	0,69295027	less
3,222298229	0,644459646	0,82334182	138,6394286	27,72788572	79,8641565	2,283347122	0,456669424	0,747462791	2,276652666	0,455330533	0,767532222	less
3,222298229	0,644459646	0,82334182	138,6394286	27,72788572	79,8641565	2,283347122	0,456669424	0,747462791	2,276652666	0,455330533	0,767532222	less
3,222298229	0,644459646	0,82334182	138,6394286	27,72788572	79,8641565	2,283347122	0,456669424	0,747462791	2,276652666	0,455330533	0,767532222	less
7,012303495	0,584358625	0,882616012	328,3112544	27,3592712	139,4533299	5,193556076	0,43279634	0,648600178	4,559114482	0,379926207	0,69295027	less
3,222298229	0,644459646	0,82334182	138,6394286	27,72788572	79,8641565	2,283347122	0,456669424	0,747462791	2,276652666	0,455330533	0,767532222	less
3,222298229	0,644459646	0,82334182	138,6394286	27,72788572	79,8641565	2,283347122	0,456669424	0,747462791	2,276652666	0,455330533	0,767532222	less
3,222298229	0,644459646	0,82334182	138,6394286	27,72788572	79,8641565	2,283347122	0,456669424	0,747462791	2,276652666	0,455330533	0,767532222	less
3,222298229	0,644459646	0,82334182	138,6394286	27,72788572	79,8641565	2,283347122	0,456669424	0,747462791	2,276652666	0,455330533	0,767532222	less
5,315452016	0,59060578	0,882616012	369,2310463	41,02567181	139,4533299	3,921753655	0,435750406	0,747462791	3,726346913	0,414038546	0,767532222	less
3,914688535	0,652448089	0,882616012	300,3061496	50,05102493	139,4533299	2,276741666	0,379456944	0,459220389	2,61801988	0,436336647	0,69295027	less
3,222298229	0,644459646	0,82334182	138,6394286	27,72788572	79,8641565	2,283347122	0,456669424	0,747462791	2,276652666	0,455330533	0,767532222	less
5,356085441	0,535608544	0,882616012	352,1392303	35,21392303	139,4533299	3,898758161	0,389875816	0,435323922	3,93901568	0,393901568	0,69295027	less
3,540939357	0,708187871	0,832106195	253,842882	50,76857639	110,6701239	1,979745167	0,395949033	0,747462791	2,345725659	0,469145132	0,767532222	less
3,375536075	0,675107215	0,832106195	228,1815406	45,63630813	110,6701239	1,980938248	0,39618765	0,747462791	2,438899467	0,487779893	0,767532222	less
3,222298229	0,644459646	0,82334182	138,6394286	27,72788572	79,8641565	2,283347122	0,456669424	0,747462791	2,276652666	0,455330533	0,767532222	less
2,566384031	0,641596008	0,882616012	223,1482697	55,78706742	139,4533299	2,702911018	0,675727755	0,89525902	1,888640895	0,472160224	0,767532222	less
3,222298229	0,644459646	0,82334182	138,6394286	27,72788572	79,8641565	2,283347122	0,456669424	0,747462791	2,276652666	0,455330533	0,767532222	less
4,294338235	0,715723039	0,882616012	312,7241461	52,12069101	139,4533299	1,916884472	0,319480745	0,391541236	2,871718234	0,478619706	0,69295027	less
7,164110091	0,511722149	0,882616012	396,0769304	28,29120931	139,4533299	5,879770261	0,41998359	0,747462791	5,793153875	0,413796705	0,767532222	less
4,046075171	0,578010739	0,882616012	192,1133471	27,44476386	139,4533299	3,083032551	0,440433222	0,648600178	3,122230798	0,446032971	0,69295027	less
5,72576261	0,636195846	0,882616012	349,4727371	38,83030412	139,4533299	3,056378872	0,339597652	0,406790156	3,609521348	0,401057928	0,69295027	less
6,823446223	0,524880479	0,882616012	294,5321211	22,65631701	139,4533299	5,916163264	0,455089482	0,812603627	4,969846495	0,382295884	0,69295027	less
2,566384031	0,641596008	0,882616012	223,1482697	55,78706742	139,4533299	2,702911018	0,675727755	0,89525902	1,888640895	0,472160224	0,767532222	less
4,10419581	0,684032635	0,882616012	337,3469215	56,22448692	139,4533299	3,643512277	0,607252046	0,89525902	3,040326892	0,506721149	0,767532222	less
2,566384031	0,641596008	0,882616012	223,1482697	55,78706742	139,4533299	2,702911018	0,675727755	0,89525902	1,888640895	0,472160224	0,767532222	less
3,222298229	0,644459646	0,82334182	138,6394286	27,72788572	79,8641565	2,283347122	0,456669424	0,747462791	2,276652666	0,455330533	0,767532222	less
3,222298229	0,644459646	0,82334182	138,6394286	27,72788572	79,8641565	2,283347122	0,456669424	0,747462791	2,276652666	0,455330533	0,767532222	less
4,046075171	0,578010739	0,882616012	192,1133471	27,44476386	139,4533299	3,083032551	0,440433222	0,648600178	3,122230798	0,446032971	0,69295027	less
3,222298229	0,644459646	0,82334182	138,6394286	27,72788572	79,8641565	2,283347122	0,456669424	0,747462791	2,276652666	0,455330533	0,767532222	less
5,356085441	0,535608544	0,882616012	352,1392303	35,21392303	139,4533299	3,898758161	0,389875816	0,435323922	3,93901568	0,393901568	0,69295027	less
1,448952209	0,724476105	0,82334182	93,00197469	46,50098734	79,8641565	1,005503836	0,502751918	0,747462791	1,172028543	0,586014272	0,767532222	less
2,971171681	0,74279292	0,882616012	225,2704004	56,31760009	139,4533299	1,941780665	0,485445166	0,747462791	1,642769724	0,410692431	0,767532222	less
2,566384031	0,641596008	0,882616012	223,1482697	55,78706742	139,4533299	2,702911018	0,675727755	0,89525902	1,888640895	0,472160224	0,767532222	less
2,566384031	0,641596008	0,882616012	223,1482697	55,78706742	139,4533299	2,702911018	0,675727755	0,89525902	1,888640895	0,472160224	0,767532222	less
2,566384031	0,641596008	0,882616012	223,1482697	55,78706742	139,4533299	2,702911018	0,675727755	0,89525902	1,888640895	0,472160224	0,767532222	less
2,566384031	0,641596008	0,882616012	223,1482697	55,78706742	139,4533299	2,702911018	0,675727755	0,89525902	1,888640895	0,472160224	0,767532222	less
7,164110091	0,511722149	0,882616012	396,0769304	28,29120931	139,4533299	5,879770261	0,41998359	0,747462791	5,793153875	0,413796705	0,767532222	less
3,651582606	0,608597101	0,882616012	263,5395415	43,92325692	139,4533299	2,686170901	0,44769515	0,551560383	2,597386469	0,432897745	0,69295027	less
3,222298229	0,644459646	0,82334182	138,6394286	27,72788572	79,8641565	2,283347122	0,456669424	0,747462791	2,276652666	0,455330533	0,767532222	less
2,566384031	0,641596008	0,882616012	223,1482697	55,78706742	139,4533299	2,702911018	0,675727755	0,89525902	1,888640895	0,472160224	0,767532222	less
4,046075171	0,578010739	0,882616012	192,1133471	27,44476386	139,4533299	3,083032551	0,440433222	0,648600178	3,122230798	0,446032971	0,69295027	less
3,656612498	0,7313225	0,882616012	365,1718218	73,03436437	139,4533299	2,193414692	0,438682938	0,747462791	2,663778194	0,532755639	0,767532222	less
